18 216 0 294 260 290 156 224 174 146 209 61 140 101 201 265 154 206 208
17 167 296 85 127 227 63 91 282 50 160 283 10 196 228 256 189 173
17 180 249 148 15 60 129 39 214 121 27 48 5 98 155 233 84 132
14 116 75 133 136 273 213 241 271 6 119 205 59 272 257
19 168 108 103 203 218 200 21 281 244 82 170 237 93 16 112 215 240 211 183
17 54 72 259 285 113 277 204 68 163 76 291 223 192 30 1 278 130
17 34 8 162 193 74 79 230 29 157 111 147 235 139 242 71 262 77
14 275 80 276 18 254 207 177 90 138 266 78 120 194 153
16 87 4 159 225 57 96 217 26 89 25 248 250 106 279 94 175
15 41 24 161 56 19 188 128 239 253 73 131 51 12 97 151
11 184 299 92 107 245 284 122 295 288 293 149
11 164 246 13 144 197 81 35 141 229 123 274
12 99 210 137 105 226 102 14 298 42 124 280 126
9 212 7 38 86 117 181 152 176 186
15 110 134 263 44 32 28 158 3 269 83 292 182 251 69 169
7 88 286 150 195 219 55 66
10 62 95 171 258 190 118 45 17 46 52
11 220 58 187 64 268 109 238 115 104 270 9
7 125 232 172 202 236 264 145
8 261 53 40 11 31 67 252 143
10 198 185 191 23 70 199 289 100 231 49
7 267 166 222 243 297 37 247
5 22 20 43 135 165
6 114 287 255 142 178 2
1 47
0
0
0
0
0
0
0
0
0
0
0
0
0
0
0
0
0
0
0
0
0
0
0
0
0
0
0
0
0
0
0
0
0
0
0
0
0
0
0
0
0
0
0
0
0
0
0
0
0
0
0
0
0
0
0
0
0
0
0
0
0
0
0
0
0
0
0
0
0
0
0
0
0
0
0
