29 84 88 187 474 1066 1515 1757 2695 4008 4078 7463 8640 6263 8564 113 7435 3354 895 3305 3895 2034 9221 836 6166 5056 3280 7290 7676 7673
18 303 568 677 719 9789 7167 1709 1767 5016 8565 6543 9431 471 8619 3837 3254 3727 792
7 1178 8868 2992 9483 2259 401 6348
20 1209 1315 2432 2519 4525 5440 5970 6031 5569 4787 9881 9229 6692 5420 3142 6014 7385 6988 605 2998
25 1335 1543 1560 9393 9707 2465 672 549 7561 5885 3149 3049 8020 7210 1651 5572 4084 9893 5492 5912 5773 7946 9971 58 4649
24 1992 2135 2356 2571 2920 3869 6412 6466 6670 7109 2756 9704 3628 5271 815 3214 7388 8286 1648 7054 246 8707 8251 4865
13 2949 3253 3629 3696 833 2989 6238 1398 7349 2764 7606 5077 2090
8 3156 3580 6783 7013 6947 850 6869 923
13 4094 4309 4377 4435 5868 6403 4224 4561 5041 4012 1525 6142 641
16 4839 5018 5299 5335 6002 6252 5040 1464 6203 4608 3767 7280 609 3711 7524 7834
27 7399 7475 7928 7956 7965 8175 8310 9313 9752 2247 9679 4150 541 3008 7711 3575 6658 8037 6374 6443 153 2010 1036 7304 5946 9601 431
6 8292 8773 6722 7809 3687 5825
14 9913 8787 9820 1414 8290 3469 1790 8895 2374 215 5133 3473 1850 7025
10 9976 4379 3607 8878 4355 4888 6359 8968 3652 8156
10 5497 9847 2735 7657 4090 3442 2015 4266 612 7909
29 9084 7429 5693 6822 4494 9619 6689 6663 5860 6961 8395 6558 3459 7927 4244 8288 3421 4357 4009 4075 4251 9661 4382 1026 8526 5618 3492 7214 7968
21 1305 9563 5192 3055 1097 4601 9003 8731 3090 6277 8477 4618 1005 9979 4098 2944 5793 2269 7821 6621 3388
28 4742 700 423 8518 1273 9514 2720 7861 713 5934 6815 6381 3307 2061 4058 9636 2780 7382 3315 9006 304 4982 8165 2873 9059 8349 1258 6761
14 8890 5929 8961 6043 356 7582 414 9122 6432 8734 1484 5676 6019 4242
23 6901 7070 5445 1105 6630 3623 4965 9228 1787 536 9208 9240 3145 5284 8304 4032 7431 960 9580 9005 869 1938 2322
11 4679 1111 8192 2723 6084 269 8132 3978 746 7950 3987
24 2883 3817 9305 5324 1867 4758 519 1776 8950 2008 8840 8420 219 7849 2942 7546 1959 5984 9350 3296 9750 7241 3189 5362
29 4059 1138 311 381 9064 5783 7628 1667 2937 5050 8014 1391 9911 2766 3509 698 8344 103 3878 9966 4548 1274 9178 9956 4813 3128 1403 901 8980
27 2917 6706 7957 769 5717 4071 7499 5300 7929 7401 622 7534 4415 5062 434 7326 7819 6778 5475 9212 8729 7974 4678 5275 44 6817 5973
28 606 8708 3549 5235 9409 3167 768 7020 3826 739 5491 1013 9985 279 2956 4903 771 3455 1187 3481 6791 5936 1661 8499 4284 9642 5434 758
15 563 6101 908 4685 3135 2370 6619 736 9767 7781 2308 4753 3872 7039 5926
13 8758 3692 3239 5902 6965 6767 9046 9191 3424 6068 6756 3614 6470
3 8670 8571 2337
34 6916 9888 6807 2316 5086 4855 273 6831 9325 3855 6198 741 5161 5343 3667 696 2899 874 2997 3624 7817 3241 5249 5577 9683 8567 5468 9468 4680 5831 2976 8222 1202 2321
19 2384 7610 1876 7021 7288 3011 2789 2485 9605 9786 1049 1249 2029 6233 925 2746 7597 3310 1958
27 3444 5769 9140 4948 6695 7040 375 6900 5971 4877 7810 409 5626 1792 5374 2360 8645 515 9848 3674 3844 2728 6637 7667 6690 7705 8636
21 8703 117 7913 100 4615 5799 5433 1294 3062 5099 4358 2636 1342 6325 3091 9211 6691 4402 73 265 9614
15 3371 8329 9449 6652 7840 8188 127 7096 9263 9075 9950 8103 7407 8788 4049
8 9675 4307 1040 222 3555 1135 8724 5296
21 9550 4657 1723 7662 3851 897 1639 2281 1612 6775 5786 4440 1854 9021 9653 5930 5319 6295 5493 8913 955
21 3578 5861 6587 5014 2115 5009 2246 3905 6103 6301 2443 6785 1229 8197 7160 9323 1950 1076 1467 7051 1473
27 5424 4894 920 9799 2559 6541 961 372 24 2869 2020 1353 5304 4066 7028 789 5908 6612 7265 3242 1618 7584 1696 3927 5828 644 5836
14 7952 8962 4637 4143 55 4346 2912 3030 4495 8179 1563 389 9507 6246
5 3654 8605 2113 56 2610
13 6115 3988 6228 1833 29 4842 7119 4536 1227 6529 1838 2714 2736
29 1664 9523 9216 9283 1888 734 583 1735 5381 2313 8698 5881 5237 2031 152 2409 4862 8665 2045 3597 134 7734 1622 2894 3911 1044 1380 1128 2908
9 2576 4214 7862 942 9761 8403 1355 3102 1880
16 157 2986 297 3103 5341 6724 3693 1529 8776 3523 3519 5325 8333 1825 1837 9650
24 1978 3281 5716 957 8406 5598 8102 580 4788 8189 9649 9469 6951 5511 3116 7483 8755 6436 8166 8141 4333 1919 504 3899
19 445 3471 7141 585 5649 4690 2042 7259 6459 8969 201 6510 3385 9509 4448 5266 9294 302 8654
28 268 5406 8342 8559 1269 8955 9419 832 3663 8546 3494 2478 4614 1463 9086 3577 8347 4102 4684 7175 9174 5774 7487 1242 971 9898 2993 3458
23 7640 1528 2941 8204 3025 8520 8728 3564 6649 5245 5188 7998 5094 3328 4669 9337 5097 4468 6509 5490 2499 548 4054
2 4829 5441
13 6321 9941 4746 7130 7718 8242 1025 3944 4401 7833 1552 5130 5817
11 3743 9581 6039 2835 8793 9422 3598 3684 5671 4600 9999
20 3457 4687 61 6952 7877 489 9207 8184 7177 1743 7331 6174 2553 1673 1155 6145 7670 1379 5162 6311
26 6456 7799 8675 6424 6160 1866 9411 4882 9291 9187 1724 1332 2589 8029 1421 8390 4262 6267 5416 7932 3198 9308 3192 4261 4700 2211
5 7468 496 6328 2317 7482
24 8578 2480 7282 2355 6946 8263 3909 4211 8148 9143 7806 2535 8031 8299 4681 9181 441 1611 8441 4994 8454 2114 2318 4803
14 9121 7007 5313 2004 9017 6079 3217 1397 9032 7589 2223 5264 4545 1086
7 1993 9901 7911 7227 9210 1095 3417
23 7229 610 2278 2774 9626 2327 9670 8086 7188 6662 5858 9052 3865 6669 9012 989 2425 9353 4065 6005 8891 9467 797
12 7318 2429 6633 8509 4586 4644 1921 3404 9348 1382 1035 6960
8 9020 2418 7247 9587 1280 944 2287 2152
9 6694 2176 9047 5084 7170 5960 4977 6051 8939
11 1815 5222 3647 9245 2367 3889 1517 9719 2310 3931 4157
10 8271 6361 3321 2459 6256 6049 4375 7307 3734 948
9 7716 5350 7497 9293 5333 226 110 1713 3012
30 6913 6607 3168 554 7088 1879 8213 7140 7156 2641 699 5875 6164 1588 7248 9562 4409 6313 1631 1946 8931 4097 6847 2127 6194 9942 8267 2830 9568 2843
23 5402 2507 8587 6418 2828 4475 8783 1407 817 4583 1860 6747 4635 7638 4477 581 5217 2354 4438 8885 9756 6993 5055
19 9698 6780 6044 4056 2531 3410 1794 394 5027 7064 3697 2324 1194 7502 6824 6353 288 1171 6090
12 6269 6843 7709 6912 5250 5635 7940 4055 909 6522 5274 7760
16 6656 7293 1447 3708 126 1519 3979 309 1124 6126 287 6586 4151 5834 6099 3533
12 3333 9733 1883 8965 800 9456 7291 6787 1712 8561 9921 8106
21 2296 7455 6794 3655 7186 6502 3918 3276 658 6745 6707 8387 8676 3004 5257 8002 1574 6487 5095 4728 2836
8 8227 7910 2575 6766 7359 7437 2564 8260
12 3546 3245 19 6189 8489 1228 6485 7864 7687 9405 7108 2951
31 6654 3527 9166 2603 4873 6139 567 5218 3249 9406 8739 1852 4170 8548 9556 9320 1955 839 4107 4915 6027 3545 8709 8754 9115 2083 8180 5935 3488 1408 4883
12 5227 8149 3147 6582 7271 8111 9760 2692 7540 9203 4556 6302
14 8630 477 8932 4984 1384 9090 1113 4781 2079 8459 368 6959 2421 1084
6 666 7613 6725 1935 4310 6073
18 2297 8864 408 3221 7091 8516 5233 1291 3352 3195 5796 1373 2872 4864 4288 6153 5978 2329
11 1170 5615 2424 1637 5727 3409 1784 7114 7287 3579 7948
27 1492 3005 3294 2166 7612 8458 4208 7180 5743 6192 7876 3717 3108 4658 8995 3502 2473 9230 5247 7842 6281 9739 5331 4755 8677 2628 840
9 6404 2233 9935 8557 2738 8484 5387 3358 4390
25 190 3236 3540 1512 1323 6329 4546 9128 7512 4537 9246 5487 5698 209 2896 1117 5105 21 912 776 8863 2389 9201 6354 8080
25 1609 1605 3197 9402 8302 7891 5437 3393 8101 867 5221 9659 5353 2341 8935 8822 3283 195 185 3336 743 1131 1085 4424 4185
23 6150 9347 3311 8158 9463 3779 2118 9874 2000 8273 1182 2948 8312 6235 754 8649 7853 9946 6667 4118 7233 3890 3042
27 8024 1438 7993 8736 1406 5808 7889 3640 6884 2537 4558 2856 6352 3565 9179 7152 286 2842 6714 3980 4621 1446 1906 5412 2683 9129 1064
9 3257 5991 2496 2858 8592 653 2251 7813 8612
19 8711 2809 2220 7078 777 7627 6953 740 5651 1714 9193 53 7299 1321 3246 706 2249 6828 2940
30 6135 7198 3651 3596 5213 4387 7398 8425 3990 8224 2539 7631 9832 5422 8030 2044 7971 4651 9758 4518 7538 4237 5098 8305 7480 681 7845 6976 4580 9600
16 9864 7572 4088 5712 5621 2497 645 7344 7387 9357 7037 4638 8974 4312 2175 7773
24 8262 1803 7415 4784 1692 1292 3811 3782 8743 8749 4890 8841 6124 8172 7517 6144 4783 7526 4577 1483 8423 6701 299 5854
17 1372 1773 4693 3148 6123 2536 1630 7129 9920 4867 4154 8835 8079 3829 3429 4584 6517
4 7325 340 4254 5573
16 7320 109 4428 5948 9473 726 4260 4959 8376 6752 1689 2915 977 9251 2623 1966
20 7329 6849 2538 7230 6199 8209 7704 6493 8426 1489 6455 4196 1121 2401 720 332 6363 366 3902 2430
25 5358 9852 1024 4706 9452 2357 3138 2006 2143 5466 6741 2198 2495 2440 4629 2524 3943 6841 6781 5752 8765 1161 3932 7836 1726
14 4885 8055 3608 3406 7708 449 6776 8495 5456 8805 6564 7295 4757 1478
25 3758 4414 7471 902 864 8323 2335 6168 2230 5006 2626 9602 8440 5347 5156 2434 189 3330 3920 8084 571 4427 8949 9648 2307
29 6110 6740 1593 2838 5990 5034 8713 2422 5710 2523 4575 3368 1628 3915 9872 7315 9964 9571 9239 6224 8828 8744 9551 7144 2629 8684 9432 8507 3644
24 2123 627 9996 8586 2026 8021 5359 2975 3601 3461 1030 5748 5307 2560 8248 8927 7571 6310 323 2131 3745 4484 9184 5538
18 5113 3208 1874 8952 4406 857 1840 6064 8540 5532 8692 171 3399 4419 5121 1868 5895 2185
29 7553 7116 6457 1984 9137 8848 4511 9685 3430 7792 2957 457 3215 294 5452 5708 7542 8673 2950 7653 8680 2242 6055 574 7336 4972 2133 5596 1301
19 2788 3951 8435 2748 3196 6877 842 2791 5746 9595 8774 9666 965 5954 5562 5800 8114 5812 3014
8 2436 2512 8699 5818 1090 5393 5060 3202
11 6735 7575 1763 2155 4215 2301 7869 5311 5964 8152 4277
32 8104 4437 7357 5654 6851 1100 5500 2642 5996 5214 128 9631 8410 4372 4007 2732 7856 7532 9844 8051 4454 9730 4740 4514 628 1103 9279 8295 8238 6702 4399 455
10 7104 1192 162 8757 8417 2195 8276 4811 7035 1254
15 400 1734 4648 7451 3384 8629 499 9933 3582 3001 888 5918 1356 8683 926
19 945 9974 6924 3160 2426 1973 1396 5556 2532 684 8732 205 9204 6553 8066 9271 9676 6368 9993
28 9544 7846 8566 8449 8073 7686 4656 9190 2041 2323 4371 2667 6082 8533 1368 9368 235 940 5327 5277 132 3132 8663 7539 3287 7350 4305 7996
30 5744 5112 315 4223 2928 8792 2963 8979 8447 3490 9633 448 8772 5351 8034 3082 5724 3896 1188 5694 4620 4000 8478 8354 2617 5111 8633 1698 7577 845
18 2106 1635 7082 3170 3029 3104 8715 4200 7779 6372 5980 3452 3581 3728 1849 9909 6944 2658
16 7346 3986 7894 7793 8293 692 5171 5763 1782 2739 6154 5832 1895 6291 4324 4013
20 5510 9768 328 166 4352 6566 9611 3271 9754 9919 467 8689 6697 528 3076 7348 7660 7079 3612 6093
16 9851 5332 9694 9298 6963 5411 5005 8004 9843 2719 6117 7969 5696 4765 6499 8332
6 5856 9459 197 5811 4996 8375
7 271 2784 5721 1530 6155 5480 8226
15 3329 9691 9087 2520 1625 3849 8277 873 6511 4081 3303 3094 3456 7416 5248
25 9306 7319 2293 7428 3910 481 4720 9105 8536 1201 6454 5650 7386 8058 8164 9553 6684 6779 5778 787 8215 1092 4425 2750 8942
13 3067 6377 1444 4461 5747 829 3318 1089 8322 5190 5438 6693 8311
18 7677 3891 4455 2742 9495 6159 3291 4524 7240 3087 7514 5454 79 8802 3886 1636 7374 2606
23 3572 7585 892 6786 2711 7224 3989 1142 3396 7648 4957 6648 7239 1666 3917 4612 9791 2475 5726 1404 8100 9454 6750
6 1674 1251 1778 2504 7990 1961
9 8967 8570 362 2488 9922 4861 8384 8232 1207
29 3024 3976 661 1697 3773 8274 8285 7870 7226 4016 6425 6771 5627 2178 4858 9268 1531 2621 1590 941 8436 9119 3427 8409 1575 7603 5407 5003 3836
16 9412 7117 3176 6239 5189 6200 150 6450 9804 6034 2613 8597 514 5878 8553 7069
12 6304 6004 8203 4233 4836 7080 7122 1514 1147 662 8091 6533
25 9401 513 9503 9274 8892 3334 9030 8254 4202 8530 6705 9570 1476 9074 1679 4902 227 1606 6528 6860 8206 8658 630 7310 1479
17 5517 4467 3574 6452 3661 125 42 6812 2257 8966 3109 4116 2490 5685 6250 5499 2671
14 7804 6483 6928 2283 347 4719 8012 1445 526 6417 107 6045 3369 5545
22 6053 4112 4194 2511 2681 9255 2455 8207 1655 6474 8419 9634 1460 4880 9826 8010 1322 9957 8528 2615 9775 8879
22 8978 6875 7768 1564 2074 5829 8915 4246 7312 8093 9524 2825 2852 2808 4235 1289 2666 3998 5549 9615 747 5047
18 5049 8370 7347 6415 6609 9460 6176 5019 7886 2911 9591 5989 3357 8723 1172 9465 7696 8501
16 4935 6206 7355 1747 543 7529 9083 9780 8061 1786 9664 8704 4771 1577 1437 9196
17 9267 5369 5089 4661 245 8573 8462 9845 1177 7372 9385 3338 1779 121 9420 8027 3341
25 4184 4164 200 4910 206 9813 697 4109 5636 1010 5540 3866 5699 4050 5240 5593 589 4464 9727 2655 7396 8769 5927 4199 7600
21 5890 277 608 9316 8574 3092 3947 3317 8902 482 1640 498 8160 880 8598 8460 4950 3809 54 9257 4823
26 530 4255 6804 1363 1524 493 5425 7666 6638 4639 6089 2407 4688 5529 7024 2365 5607 7500 4579 5570 451 2704 4702 7083 648 690
22 4833 1002 3466 9000 7389 3269 6378 2051 7672 4144 5966 63 8117 6651 3956 5115 6500 5177 3020 6349 7138 757
28 7314 9282 442 6208 9702 3783 2235 2635 4297 292 4798 1081 1937 6460 3499 6178 1448 4263 4647 2685 1654 3023 1607 8880 6895 4392 6700 4296
7 9627 7406 8328 4624 3362 174 4286
17 8832 9965 4794 8786 7379 6751 7624 5692 2154 2923 2364 3389 3926 4178 1080 7878 9058
3 6410 5983 8000
27 6307 1995 1869 4630 3510 9104 2167 2654 6196 6270 3345 5622 6883 9607 6231 5191 5728 8381 2494 2555 2493 3642 5873 1157 5024 6096 8519
19 2147 5295 9011 1970 881 85 9381 5382 5951 7573 8494 26 243 9798 220 2255 6278 7204 8139
10 9806 3068 5771 364 5898 6687 8365 9599 8275 5563
26 9559 2657 4421 3129 730 2782 8198 2690 3073 9640 3058 3026 4101 5036 7414 4343 5768 5026 9541 3256 4067 1926 748 5215 9253 2806
13 6296 3188 1208 3027 4368 8270 4572 124 2752 75 3407 6715 5760
17 7975 4848 5554 3821 3786 3403 248 8309 2649 933 5732 3191 4137 6680 9697 6604 5478
9 2566 9543 9078 3541 6202 1218 6420 4011 432
27 6765 1267 5025 8346 8040 6836 6473 7867 7172 5158 7501 8017 4893 4562 6820 2148 6754 7063 8427 2733 4946 2091 3563 8859 4670 6300 6434
8 2718 5546 4837 750 8389 1952 7611 702
24 1054 9869 4815 5535 5541 7574 1904 1186 782 3594 984 5642 3434 5100 8097 2517 6568 603 3558 1928 8036 2888 3041 1809
20 3603 4717 9333 4219 2850 4190 77 3856 5002 5956 6204 5195 5789 1329 6992 8751 9794 5644 3922 9013
28 5205 5887 5377 428 1223 9830 7255 199 4920 5566 7567 3680 3906 9833 7368 7292 985 7328 5270 3144 2569 6524 8634 5588 6022 5974 7989 2145
3 8784 6879 1555
25 4507 41 3991 5507 1527 1518 9586 3602 935 6703 1913 6868 1885 7797 3777 2282 6555 8405 8777 2080 3950 5051 7964 9123 8594
26 825 6003 212 6125 9286 1260 4003 35 5303 4291 7479 6272 2841 7566 6488 7132 6047 72 4025 8048 7839 9389 7242 2550 1350 9811
19 4665 9805 4502 8588 718 5120 7580 2717 5083 6423 37 6171 5705 1126 1659 5555 5544 4363 8321
20 5282 1221 9890 47 4673 4299 6245 7000 4064 2518 1 8937 9028 5176 9908 3536 855 7767 2298 3780
26 3017 3426 5017 5516 7086 7102 9657 5620 6764 2470 7933 7761 1859 2065 7488 4456 2804 2137 6823 9162 5893 3179 4458 5048 5224 2492
18 8382 7637 1804 8157 6255 9744 168 9815 601 290 6563 1320 9783 5558 8360 7549 9275 5979
26 4080 502 3830 3263 2904 3512 5756 6392 1685 7847 1281 3949 9742 9612 3201 1753 1682 9455 1971 8202 593 9606 3464 1185 7509 8850
15 7249 3381 3154 2205 733 8524 8325 9597 7439 7258 5703 532 2349 6074 6477
7 4761 6327 9944 2605 9382 2245 476
26 8351 6536 5285 1276 435 6012 8991 1580 9871 4141 586 1861 3776 518 6578 4898 7313 9218 9958 6490 2149 5118 7105 8625 9875 4530
24 7373 4863 284 8464 3615 8796 8173 1325 40 2095 6344 4701 7062 7743 6774 914 3010 1901 2876 336 3125 6624 7283 9850
25 7430 4980 7465 3462 326 2973 4875 9487 318 5352 8110 1886 595 5298 2373 7796 1822 9029 613 3503 3526 1174 7390 204 4348
17 4349 6711 5920 6409 4807 135 6029 8348 83 9983 5999 3449 7195 9732 2868 4005 0
24 565 3557 3833 1252 2338 2916 3319 8785 2817 244 7275 1416 1832 809 3613 4218 3630 556 4732 3084 9771 3792 1898 790
28 6265 1313 5757 8338 9045 7446 9144 1233 1997 3475 6128 6413 5135 9408 6094 6904 4564 7189 4460 5625 3660 4578 2433 7973 3804 1205 418 4766
17 8448 4048 7164 1688 8105 8074 2611 5943 2700 4960 5905 4573 9076 1091 7450 7568 6492
9 5090 8434 9628 6360 6942 439 3050 8823 2573
3 1200 9927 1115
15 533 4686 1908 7602 9696 9297 4285 9252 101 3248 8467 7300 5791 7251 1191
9 975 9926 2783 3066 7236 4207 3875 4830 1817
13 6547 2399 3816 5955 2305 6550 2132 9949 5941 7749 3372 1819 7147
14 4153 655 7243 2881 5777 1994 802 5816 9575 7085 9795 2333 1686 2591
29 1830 6718 419 3632 9705 7874 4703 98 6749 1634 611 3124 9222 7301 8214 9157 7231 8218 8108 2506 5072 8569 7800 1974 3662 3324 9099 2594 7489
10 4225 6338 1206 2467 4937 6181 5864 4096 7755 492
29 3200 3105 3083 3411 1986 9485 8637 1500 3022 6000 4396 9681 2776 3194 8493 2884 2966 3155 9379 1638 9302 5385 2038 1333 6419 1158 1495 1060 5731
17 1240 3544 2216 6567 138 2760 272 1466 7680 7560 257 7970 5643 1808 5272 5814 1813
26 8803 69 4826 1326 8521 4404 951 3199 3938 7683 4250 7698 7034 3701 5660 1985 5278 4272 2237 5463 7 2725 2094 7052 3797 7133
28 6922 4482 1843 8816 780 4705 3554 4782 8831 5656 1733 9678 4541 9101 2052 8872 4168 6486 4322 7107 8280 3000 4900 2182 3835 5410 9608 9532
24 3739 1777 640 1508 6818 4405 5054 5088 2011 7729 1259 7620 7798 2358 5722 4738 1270 7892 7981 9217 6401 488 5688 5065
16 7557 615 95 4228 2382 7323 6842 3885 6503 9512 2290 9073 8339 9644 1236 2939
16 9349 9361 8764 8650 3847 6447 2546 6226 968 4961 2342 8124 9069 2853 5460 7166
16 7196 9109 3220 1365 9132 5310 509 7361 5534 8661 8345 1720 3235 7723 5175 2620
5 306 4967 7744 6631 749
24 854 6475 3795 3114 2207 3993 4595 4990 6380 1168 6375 924 8475 4810 5157 7820 4165 7473 9343 9590 5560 5657 8666 4901
7 6220 5686 956 5957 6186 2140 4887
6 6069 6430 7097 2261 8940 3539
26 8133 8554 5663 5212 5711 8187 8368 5291 8421 1762 2771 3165 7081 2054 3843 7727 3392 7782 8914 4500 6792 7257 7593 5423 5894 7281
27 3375 3605 2112 6058 9769 3921 4869 2570 1684 2250 2033 9375 2160 118 5092 6495 8250 6798 6130 6530 735 7027 3884 5144 7126 4599 1377
18 8146 9947 5182 9549 6645 7535 9645 7113 3227 1071 3948 8881 1533 9802 2481 13 108 3069
6 2056 1399 5623 4697 667 5937
11 9254 7554 417 57 7737 5888 9613 7277 1963 3842 3936
5 4733 6021 8088 7831 535
15 9757 6634 3193 7363 8153 8738 1068 7371 7486 7591 868 4341 2701 4022 7476
25 119 9680 210 3585 1550 6316 1873 507 8682 6512 8244 8481 5314 2452 6926 7076 359 2334 7652 3151 2427 4737 1936 5198 9290
7 6710 3445 9289 1977 3537 9171 2660
29 950 2036 5602 6340 9002 2731 2600 3493 3818 2314 2612 1979 1501 4407 6396 6733 2215 3935 7976 8013 1616 9399 1366 9808 49 966 3415 9484 5988
5 211 4593 1369 646 4027
9 1503 9925 1485 198 6525 4252 8340 6521 8301
27 497 8614 4666 5892 596 1797 3583 7208 6584 8504 7256 9858 8909 4089 2388 8500 9438 1197 2400 1468 6906 1632 1925 416 7332 3733 3633
10 4973 9654 3966 846 665 2967 3740 9579 2099 3749
17 9625 8856 4410 6856 3666 1729 9743 7668 9118 2059 8116 6213 6422 6744 7530 5368 831
23 2934 8766 9951 7690 9735 7193 2442 2077 9457 5495 2831 97 8998 2561 7788 6995 2522 3223 7038 2069 9854 4474 4918
25 5668 511 267 9557 7787 9620 5779 8298 2209 3098 9062 5810 9943 4265 9091 3379 7721 1890 2158 466 1798 4509 410 6148 3238
26 856 3566 6984 7337 4602 4245 7922 3038 4607 8761 9948 7169 5801 3428 8400 8362 2757 9488 2871 2980 5826 5015 1354 8046 3265 2961
10 4020 830 2212 8875 1214 264 784 143 9781 2253
22 8219 9071 4115 266 2352 7342 1331 8151 9159 8560 9812 2680 7754 2437 958 2582 8358 2727 7084 7980 5669 5896
6 483 172 656 8653 1755 9954
12 7444 3391 600 8845 6675 331 9961 1829 5683 1599 12 2508
12 5719 5477 6903 8747 4613 9100 671 3636 2900 8259 2119 8303
15 3840 6742 4376 1386 1272 2639 6498 4938 1143 7854 7844 4640 664 3819 5798
6 7934 7884 3325 2663 4617 2053
24 3972 7380 1949 506 164 330 529 161 1239 9900 4552 4871 2229 9163 9863 8476 2500 2003 5781 1506 755 1367 7343 8874
13 6293 9610 241 233 6431 1011 2405 7725 5035 4501 3954 5354 2070
5 4411 2646 7852 5 4325
12 9464 9511 8791 9450 2686 5917 7663 2741 8951 3117 23 6212
11 8085 1601 9345 4520 5863 9959 9437 1732 652 6065 2502
11 4028 1491 2982 3036 3453 6825 8413 5123 2359 8812 3491
25 9042 7434 7174 1175 9492 8042 4806 3370 6357 6643 7278 1459 5550 959 3592 9998 9358 9542 4745 7803 7617 8910 4735 6273 1510
27 3616 8989 3398 1863 5012 7579 4940 1324 5564 6056 8963 3967 9706 8621 7531 5396 2936 6347 5165 3730 6351 8443 4010 7681 2353 4189 1731
27 9164 7442 8681 8128 2754 6305 9180 5453 5674 7785 9242 5701 7498 6915 8746 255 3635 5986 6588 4650 4945 570 6878 3033 4416 1452 635
23 9314 849 1430 9751 4024 7682 7636 4503 9232 1179 1960 9534 139 363 727 4023 9501 2120 4298 51 1645 131 391
7 7710 6141 1102 8035 6601 7633 6544
9 6575 5234 6356 9018 5503 6398 1647 1693 7110
24 32 3420 2577 6739 7883 5539 6446 6615 5107 7492 9135 3879 7629 3657 847 3507 2693 3285 953 4122 6230 371 4741 8308
22 7190 8059 3542 1627 4029 8768 5662 4764 1902 4366 1583 1302 6999 7221 163 8815 2933 1572 8522 6214 9714 5476
20 7685 3414 6523 6526 3119 1496 7732 7411 2857 2075 5155 9231 6397 4993 3344 5542 6388 2202 5011 3945
4 7464 5168 964 9515
20 6438 3047 5678 3270 9182 2787 6729 8615 4344 4400 4623 4472 3121 936 5379 6542 9049 7702 3781 3110
15 2651 982 9116 8575 9712 6985 2799 5428 8609 572 552 6336 2810 388 4301
19 6076 4585 1046 5815 4786 2128 2924 6081 6880 5640 4809 386 3413 7031 4956 4931 5749 3140 9387
12 3051 9477 3807 4587 1222 9130 607 6927 2866 6482 7888 5348
19 378 9819 9738 6966 4318 9981 7276 2745 8245 2947 3962 5512 7520 4715 9755 3206 4751 6616 4987
14 7494 4953 2181 2180 2171 8624 6292 894 7904 495 9489 5889 5659 383
24 2999 8155 4493 6538 3789 4035 5366 7924 1045 862 5301 7305 8906 7966 738 1183 5288 9807 6867 3273 411 7559 6032 4662
13 208 3112 6173 3433 7882 657 4403 1352 7425 8860 8064 9708 5059
24 8795 761 7994 313 9065 6886 5267 2653 2362 3757 7149 8140 3763 803 7012 4201 291 3171 7358 6964 4504 899 2361 70
8 8071 1795 8398 3274 2219 6573 1619 8607
20 6119 4205 1245 7209 3232 5344 9444 9490 6234 9113 8264 3359 2186 8829 8201 9531 2890 7181 182 8279
7 4704 1835 1910 5187 2927 475 5982
27 2060 753 146 2952 7232 6814 5838 4441 7562 5323 1166 1907 8307 9085 6240 9593 238 3150 9865 6464 5363 1238 5432 1173 9759 7814 729
24 1465 7211 4481 9341 1106 4652 9527 4645 5913 9639 4498 4856 9967 1535 8971 4176 4513 4859 2823 6007 6844 5942 7977 7183
23 4914 354 922 8194 3054 6261 1474 4398 2921 8366 6581 4590 9955 1277 361 184 5419 9674 8336 4926 573 4269 5439
12 1557 6023 2464 7246 6969 6078 7665 8990 6283 3247 584 6610
4 4659 6402 5371 5067
4 5601 9538 5091 3064
18 4139 2981 7794 8316 1417 7987 1255 9330 946 1499 8986 7192 6539 4963 7753 7992 2968 3665
22 7438 8445 4544 9497 415 5952 7642 2394 3505 2901 9001 1461 7178 8169 2991 1806 9258 1623 3383 5119 8461 7059
6 376 3057 4854 9617 7684 3367
24 8236 4450 8595 2665 2386 9195 1098 5260 969 52 4473 889 5482 9148 213 1164 2965 5741 6315 954 7756 1374 1213 2697
22 9037 992 1884 559 6009 9392 1181 379 9880 1435 5102 2344 4459 1740 525 7029 9007 8451 296 7008 2914 5449
10 6048 7092 1381 8975 6935 5916 8558 2795 1225 6136
24 986 2551 5228 9209 7916 9276 5082 3451 4497 5792 6681 350 7094 3955 503 3587 5418 1244 2962 7074 1149 8893 9555 8371
25 1845 6647 6902 9641 883 4773 8159 6806 7689 4899 1772 8067 5259 1116 322 547 3234 9269 5575 1136 5524 1347 5485 3378 8897
25 7253 6182 2781 3732 5584 3721 9537 6989 3532 4270 7715 4714 7370 1008 3874 3339 6810 5364 2851 7050 5842 5531 1043 2224 1653
25 823 8854 102 5263 6580 6480 952 7746 105 8687 3258 9592 2268 2595 7583 5589 7736 5924 1881 479 7959 1903 421 7163 9061
12 5751 92 5069 7284 9173 1858 6394 7261 9339 5515 9336 7154
12 2751 7090 7461 6948 8473 8623 8781 2855 5883 1680 4723 9215
10 7759 8529 6537 66 660 531 5375 3785 4588 5147
15 7692 6216 9410 633 9576 3802 9710 8094 8228 7643 397 5910 1643 4212 2445
14 8112 3366 422 2105 5830 2304 3940 7730 3086 1419 6317 4540 3224 7391
22 169 9138 39 2368 1846 2602 6331 6882 4775 9741 6104 7898 2125 5597 8920 3412 7238 6623 8908 562 3626 3984
22 6244 1215 7901 2482 9033 1232 8742 907 1453 74 1561 6106 2057 8289 8383 974 8050 2226 2050 289 6322 7215
12 6026 9202 8367 751 4643 348 871 9972 2076 5238 516 9287
17 6024 9199 4749 7548 9262 708 9809 9928 4971 5526 5630 3293 1283 1073 1130 7615 1956
24 1079 2217 6809 7203 5690 8353 2640 3261 7274 7659 4198 3511 7875 6590 3448 3074 7302 3897 2820 6661 9932 8964 6933 9637
19 3778 5628 1676 8193 7949 2228 7865 8688 6974 6830 6773 1749 6249 4598 2363 8756 5142 1426 1594
6 8306 4896 3002 2521 8174 4759
22 225 5287 5241 6346 46 2126 1746 9234 8018 2565 5670 4582 3045 7016 2197 450 3700 7997 3715 2196 7228 3857
25 4171 3477 1587 7364 6967 3439 7466 7907 5033 3997 3673 3474 399 2945 9351 3968 1058 9470 7978 1262 1375 6732 3350 1195 9198
11 1319 7871 539 8076 5326 8778 3820 5505 270 4488 4908
16 8191 9127 9923 9429 8176 3290 177 4331 4274 8220 6243 8125 1061 4337 4795 2103
13 8671 617 3190 7245 7448 8876 6896 6737 8809 9687 819 793 8253
2 1146 3088
18 6222 5426 1211 546 2477 2122 8857 4073 9583 2340 8060 7786 4917 5397 9415 7688 229 616
21 3435 8379 2919 5124 7691 5567 3691 6211 8926 5519 8976 4851 1727 1824 4076 7917 6037 6837 4240 3702 5159
6 8642 4485 2585 141 3760 6441
23 2696 4986 7162 4555 7912 7811 2984 1152 8324 1943 9248 6156 9849 9624 6683 3075 3561 4086 3595 7095 1706 3431 1848
24 6133 4913 9273 1487 8695 2753 1872 6297 2875 8638 7866 5527 9994 2995 6314 5938 673 1526 9332 1694 8282 3871 9120 144
24 9068 4021 3169 2954 2270 7014 2025 9324 1934 3610 1420 2631 7505 8513 5258 1548 1268 7244 1760 5673 1658 7395 7953 1892
15 3468 4709 6850 3621 485 8296 7857 8760 1924 9299 6253 8807 5039 4457 3824
20 1349 9134 9546 9737 9897 2404 6719 7679 7194 1911 9155 2978 1818 2088 8972 8900 8716 9891 2098 3097
18 5766 8882 7019 4123 767 524 4559 9725 3916 6990 1621 6666 8846 4015 2730 5202 3080 8674
18 6399 6762 6251 6907 3765 5134 4340 1814 3521 9688 7706 7168 2816 2097 5633 3517 2929 7053
22 7477 9158 7191 1169 5579 6716 7176 4722 8109 6157 2844 6861 5785 4997 4222 5149 3485 4095 9309 8503 8861 4695
23 3958 6871 1565 5695 5457 4744 2291 2164 7145 6389 8741 8136 6146 8525 7541 9312 1007 3440 9745 5461 1788 1662 587
26 8167 6280 7135 7558 115 930 4045 8617 4105 2264 3210 7352 4567 731 5805 2222 1957 7639 7426 9200 5459 3275 6177 9747 3522 1293
20 4017 5409 5837 8806 1509 2979 4256 9962 6727 4768 3282 695 4543 9142 1566 5754 1793 1390 3028 5179
10 896 853 772 4070 312 8255 6046 4303 3965 8865
23 4713 8973 1553 4099 9889 2802 5170 3759 9604 2527 890 9378 4964 4547 7046 4831 7408 9338 9953 6011 4041 6323 4568
9 8555 9475 5853 704 4063 9481 1110 8542 9377
11 1346 6639 9842 4605 3784 3970 7745 8300 886 3946 1855
10 8118 1263 5043 5866 494 4930 8938 872 7136 251
11 1613 6247 9044 9715 3268 7485 3162 4726 3322 443 4393
11 7041 6618 6274 6589 2406 826 7769 4449 8491 384 9530
22 8412 3775 8523 2930 7777 4326 1436 4384 5962 6312 3277 17 4978 8997 2087 2101 1703 1691 5961 3048 6934 6717
13 921 9035 2673 1256 403 120 178 353 9082 4853 2541 8613 7751
8 2385 9564 5169 2556 949 1785 3298 1003
20 6570 7263 9684 9364 6407 2320 643 6593 8780 1748 2863 1736 1411 1982 5877 5339 4271 5399 4383 2786
13 300 380 4966 3482 6597 6066 81 5914 5378 324 4275 6606 623
24 1441 9165 1537 9647 3326 990 9458 3609 2702 3432 8511 7006 2438 4378 5117 4442 9877 3237 3769 6768 2625 3787 4886 5661
20 6132 1745 9394 6062 7068 4394 3127 7587 5042 8725 3212 8532 4152 9616 45 5987 651 4563 6991 3185
13 8190 3181 8804 7941 252 9019 5634 8685 1801 480 4077 7951 5592
12 7816 1968 4664 3952 9070 4278 5702 1598 275 4329 4554 2208
10 2578 1250 2661 6893 2187 2377 2790 3648 3930 5903
15 3513 8652 7010 2652 4300 4819 2977 538 7599 594 8753 4943 995 5138 6534
17 4034 7043 91 7595 5803 1523 254 6416 4114 9322 3689 604 1730 2487 8508 4197 8138
17 9466 3530 4113 4293 987 9167 6793 67 9110 2859 7521 5681 4974 4754 4817 9663 4492
11 159 1023 2678 2378 5736 446 4676 307 3971 3349 20
21 7171 3205 1443 5405 2173 9539 5632 7564 4236 30 5610 6386 8871 6728 614 9250 9034 6611 9413 4812 2822
6 1311 2706 5557 2288 4339 9461
15 3729 6006 3568 7137 6429 8651 2772 752 6545 3713 4192 7264 5745 9206 452
24 6805 1109 5279 876 1700 3981 396 4776 9077 3085 670 4259 1964 4280 7838 9522 2974 5109 7851 1704 2188 8934 4542 8163
12 3364 8737 64 2240 560 4006 5762 3063 2529 7481 2878 9025
25 4958 6698 1494 3122 1721 382 7926 2104 6306 1395 5180 4290 7402 3832 2396 333 7345 5128 8196 3771 3153 8386 5435 5551 4778
29 9846 1511 6956 4119 425 5076 9980 2206 1393 9724 8450 2309 8428 7750 4033 5911 8958 3982 1719 7447 2027 5203 1894 5788 176 913 900 4445 4018
19 1422 9177 709 4636 2272 1428 6223 412 6866 3115 5470 8107 2454 6227 2953 7157 8235 6770 86
20 775 6784 1738 9836 369 7503 454 4074 6769 2769 9762 7752 7855 7545 5677 1462 6355 2165 7044 9311
10 8378 9561 5994 9186 3015 9567 3637 1120 4203 2659
23 156 9265 4872 3524 7762 7770 4159 2909 8646 3894 11 2218 5061 4919 7944 3018 2895 9883 1400 8455 4510 3762 9499
12 1189 6484 3904 674 4696 4356 9963 821 8446 484 3714 7972
7 7134 7808 5553 7765 5884 6889 1633
10 5713 8719 9594 5506 6086 5346 631 1156 5037 8923
13 7118 6013 2797 993 5116 578 9566 365 6696 8705 678 5122 6527
10 5576 3418 3669 8485 4838 1442 9885 9931 7955 762
17 444 9731 8970 8272 5603 7197 1338 7474 130 5372 2874 7222 6038 7354 7071 4936 8994
22 629 4792 7309 5400 5844 5835 9496 6905 6345 4453 4625 5992 9533 8199 4517 8905 4952 1360 140 2886 60 8943
19 6971 1862 3746 374 1415 7216 106 9027 9328 2468 3163 7651 2024 9643 5561 1440 2779 5776 4181
19 6172 3793 5847 3685 9975 1051 9089 6134 2086 3761 7142 129 149 534 6400 1927 2689 8411 7335
22 7988 6279 7873 2972 5709 6838 9734 3645 4330 1337 7507 8811 7419 1836 7032 2763 9063 3716 3240 9787 5653 3664
12 9763 5448 344 8045 5759 8041 5022 9126 9443 2865 2491 9876
10 1864 3770 711 6197 2515 3570 5582 4486 3182 1626
9 7555 4756 1246 9041 1744 2347 7089 7828 148
22 2675 9156 3839 2505 7513 8843 4566 9300 2938 1656 4916 592 2144 7099 8281 7023 2579 8269 221 3898 5148 7057
12 553 2543 1412 3867 7187 1716 2630 5481 3846 7100 9448 8047
22 1160 7456 6672 1062 7778 5031 2479 3547 8126 1317 3959 7646 3013 9423 3376 3670 9365 2638 4983 5127 2604 8925
7 8694 5045 1768 6832 6659 5101 1159
21 4724 5193 1942 6367 5514 6161 2547 3496 4019 1603 6391 4597 3960 420 6175 7930 5595 5010 1540 1285 1823
24 5087 649 8851 7984 2121 4884 1532 7508 8562 8550 1328 8177 2139 242 1882 4632 3484 5068 1990 5867 8090 5395 6685 8429
17 3531 9151 4130 843 7829 6925 3751 5183 28 2785 1358 3337 4239 8497 8468 3571 980
12 7693 4327 691 9655 4195 5021 7872 4085 2063 3501 5484 1140
21 9505 7457 3099 7812 542 4491 5451 7592 281 5959 9056 453 2563 6318 9295 3525 7995 6827 5707 1216 6288
23 2275 175 6657 659 6163 458 4834 2048 5880 2633 6682 5384 2189 3707 7201 3801 9414 6760 6592 8626 2096 6955 9711
9 9249 6225 9518 1361 6626 9404 783 9296 8948
21 9952 4213 7150 5008 8026 3450 8883 7918 3137 3913 5320 6286 8944 7378 6050 5030 9525 1987 6872 5599 8717
22 8243 6237 1725 461 9284 3694 8819 6406 5004 3447 2721 6854 7405 6289 1678 5355 2647 3243 8818 4108 1127 9960
7 8996 5679 9346 7184 7722 5616 2238
23 7445 7066 2260 4227 4699 2558 979 6674 1875 8662 3752 3331 3353 7155 2616 5078 3312 932 6358 5806 4354 4308 6461
20 6188 8782 9424 6962 8800 4397 1297 6932 6179 7726 8415 2749 6790 973 4082 6520 522 2815 8572 7112
19 6476 8506 5764 1048 9837 8603 1392 4221 5909 9372 9699 160 3934 6330 7954 68 5735 2170 316
18 5809 2343 9388 6910 1096 3750 1308 4747 1383 5357 1486 2371 192 4671 2372 1507 6193 1663
14 1475 8585 8981 3901 8407 2156 5219 9584 3308 6743 3186 8775 5767 9914
28 3203 6491 1521 7697 8827 2330 2040 5462 1591 1450 4535 186 5421 6628 2030 2699 3834 5594 3131 642 6890 7776 6731 9243 9703 7938 9390 5269
20 3373 7576 4879 1455 9440 7515 9516 2035 7143 9884 2580 9366 4351 276 745 2028 8457 4991 8762 438
26 3675 1644 9133 8984 6579 5160 715 8953 2906 1820 6808 3550 7462 4569 6505 6846 5568 5823 1811 6918 7185 393 9088 1153 8089 2210
20 4328 9272 3646 2415 8266 1016 9498 8549 2204 1933 654 3226 3658 4922 7826 8195 4968 8797 4841 6364
21 5899 967 2969 2395 7805 8610 508 1947 2023 5329 8186 2837 6444 3078 6679 3567 5687 2258 8230 6285 5652
18 2453 3465 4944 6426 5074 3173 2345 3323 1253 3178 5772 4581 9840 8364 3576 2252 8877 8648
23 1101 459 8667 8062 2525 4989 3228 4857 2931 3963 866 5139 4912 8068 8006 8221 6229 8839 6723 36 1542 3035 2862
9 7837 8631 1660 3974 2397 9859 1541 2191 8596
16 2072 1480 7316 9822 9896 7822 1389 4470 576 1624 4210 4191 1107 3703 2100 2138
26 3622 934 377 9054 5770 7724 3799 3231 3079 4038 7935 8544 1034 4881 5925 4631 3244 5840 3175 3040 1549 6390 8352 1641 9749 2408
21 6098 1595 8869 8257 5995 2192 5608 2796 395 274 9428 999 7720 8317 8162 1764 165 9887 5044 1288 5150
24 462 2108 147 9288 4828 6268 1198 6800 6140 5268 9479 4660 1296 9978 7590 6632 7596 9066 7518 6489 8825 9690 4729 5443
18 1620 4347 6121 7604 3798 230 6319 7125 4626 8810 4175 6371 4287 8515 4129 705 9668 763
26 2110 8486 1458 9652 1330 865 8659 808 5302 4675 3356 1075 4619 8887 4674 7449 5947 7623 625 2002 5784 9417 7739 1336 7983 1425
8 2292 7048 2867 7453 4422 3302 879 4779
23 8686 8956 5915 1309 5356 7334 8099 3007 3854 2417 2037 8627 6339 1567 2047 2672 3497 1385 3301 9773 4315 3126 234
22 1257 636 4163 9632 716 544 1891 5140 4845 6617 1351 7124 7400 478 5110 8712 5775 5609 8714 2902 4691 8789
16 3133 7103 9912 5070 4924 4014 5163 7205 5804 5587 4710 7340 7106 1125 6600 3741
21 4969 9478 193 8401 4634 929 1199 2694 714 5389 2068 4565 9318 9170 5850 8392 7979 4216 764 7784 5230
10 4528 7675 5585 3059 6759 207 4923 7625 8053 1052
18 8028 249 4433 5619 2043 9667 3498 8904 2534 4550 6945 158 5820 3019 7087 9168 5718 3712
21 2107 7903 5001 1896 9701 1069 2248 8416 2557 5664 4106 7547 261 8669 5349 2294 7832 3158 9895 7202 770
22 9817 4147 2568 7339 1791 202 3070 2713 5154 7262 6726 4188 3551 7121 1851 632 6577 2022 6335 9439 3914 2554
10 3735 8038 5684 7516 9882 4734 4539 4487 8593 2486
17 4247 8505 5824 7764 7830 8237 1756 2740 1029 8049 7018 875 4925 4361 7519 8611 9277
16 4895 8644 9264 1004 5394 5211 1781 5733 806 9862 5000 8946 1878 4760 9067 390
18 3146 6333 2958 4802 816 2526 1310 4316 7454 262 5645 858 5414 2650 4672 5467 8866 9024
13 5967 4206 1299 1104 3476 2882 3213 2994 6891 1953 2336 5401 8330
8 9031 3230 4465 5207 3698 6445 3184 9354
6 1912 6248 6865 2648 2346 8959
21 1220 1710 6757 8798 8510 2513 3556 490 4533 151 4692 9384 2325 3300 9331 7056 5392 8837 9552 6569 4531
27 7569 4031 2885 4800 2898 3862 8691 2846 7392 5725 319 2607 8916 5073 6712 9480 3152 8442 577 2199 3355 2331 2824 7338 9145 5404 1327
7 5465 4249 352 3225 7863 8216 5753
9 2412 6720 5286 885 5797 3627 3422 2326 1972
18 7915 4353 8987 1264 4921 3031 5373 1905 6083 2943 7925 4182 9398 9726 3941 2905 5536 5874
10 8075 4677 9238 2174 1248 9482 1012 4317 6676 3286
3 1376 6981 3172
14 5782 8820 3211 938 6114 8721 5216 1670 619 7771 2469 2450 6112 5647
22 6746 7234 9729 3731 1431 1715 1810 357 6167 78 1649 6105 8015 7377 8234 983 8907 2267 2136 4180 6782 669
9 8945 1429 6930 1282 4314 6036 6591 7742 2770
18 523 599 8373 1539 4892 2179 1203 3924 6622 1988 859 1094 5739 470 3387 3081 3504 7565
17 4653 4907 3754 4594 5700 387 8928 2645 8911 6184 5104 9716 517 3706 721 781 4321
16 7207 1364 4117 8033 1504 9441 10 5919 3864 2987 3423 5613 7268 3671 9792 8211
15 9526 5064 137 285 4824 3039 6187 7939 1976 5950 1615 6010 4142 1708 6448
18 799 4046 5879 3278 5559 3977 9247 1516 9244 2567 2545 3419 1056 1083 4193 9391 8838 7219
