39 2822 2921 835 493 3060 1566 8980 6152 6600 9200 6754 5171 3417 6912 473 3430 4079 8476 3508 8859 123 7072 6471 1046 9796 3853 2484 4780 5651 2174 347 1357 8729 8485 6751 2796 6784 2907 8392
40 7136 2139 7245 1134 7883 5233 8339 281 8027 598 2195 2135 8418 4694 3300 2021 2846 1797 9919 5578 2656 7007 7701 9 568 66 9214 381 8900 8626 7956 4663 315 1859 9950 4270 8770 547 3024 470
41 3117 1959 6261 389 701 8078 1377 4474 6765 7191 422 7790 6280 8462 184 793 1032 1749 4032 9704 92 6701 4074 8140 2882 9823 8996 8720 7425 6957 5099 6662 9715 5715 2953 8542 1714 8068 2942 9358 9604
43 7833 2635 2234 7643 4115 750 811 4507 6046 3560 7650 6815 610 3242 6215 9808 219 5568 1680 2373 8878 8189 3368 1352 3723 4669 6106 5627 650 4305 1910 4572 9026 9028 8275 4075 5184 4222 4287 3157 6932 3057 2436
43 8450 6933 2922 3425 3873 1415 5241 1691 498 6819 1822 434 1562 3275 5058 5010 9267 7105 4520 3078 1166 8755 8558 5259 9389 2632 8135 361 1977 2216 7570 8643 8113 5676 8809 160 6080 9374 8363 6325 730 1428 5698
42 2603 5260 2772 9475 3353 5482 9601 2198 2766 8543 2524 6231 8234 8204 3122 2106 7598 4444 4577 7330 5297 6989 3507 3721 8752 9736 9411 4365 9595 1613 9471 5554 6964 2449 6019 7303 3070 3655 714 1181 6447 4058
43 9670 2098 5266 4611 7674 7937 7566 9850 4757 7581 5696 653 3164 9329 1639 466 8577 1121 4785 2802 7032 7267 9222 7682 58 8148 604 5827 6768 1645 6526 1624 5468 3029 7669 469 5221 6141 1454 2498 641 6159 9403
46 1785 2734 6198 1826 7782 8786 90 2847 6578 9940 2599 2239 4126 3610 7870 6221 174 943 4579 7336 9035 6552 6510 9250 2645 6757 9996 8095 4815 9295 5825 3276 8444 8054 7963 3397 8136 1153 7895 8965 3045 5294 5527 439 8682 4962
42 333 8103 45 6812 4182 8346 1595 5583 4067 736 3746 9790 5360 8381 8798 2337 9660 974 7816 8089 4515 1698 5332 5808 4226 2006 7069 1376 2492 6443 9597 4208 6880 8030 9176 3712 9953 3687 4407 8110 796 6371
43 6599 5634 5876 5254 8044 5777 3782 457 6623 2916 9669 5896 3318 1203 1996 8532 1802 5425 3850 8877 7328 4383 8691 7001 9448 8329 6904 6611 3928 2047 5640 1702 1006 3768 7444 8738 6636 9193 661 3800 8782 2523 2895
47 2446 6428 8854 3636 3592 8995 5798 6770 9791 3899 288 8464 7151 7116 684 8526 2375 7891 1433 9327 1074 3228 5964 9862 7056 2033 7623 8901 9935 6365 1488 2407 9981 4261 3539 2362 4439 4253 9638 8075 6909 8174 1786 5275 5398 8771 6830
45 8033 2368 3042 3216 4071 6488 3503 8565 7752 9286 7769 7980 4858 7061 4828 6409 8840 9178 5530 2260 8191 2370 7237 683 4288 7146 5426 4902 388 7999 226 2702 1591 1729 9578 9265 29 8202 7687 5225 6022 1237 8409 6673 9018
43 4172 3039 9151 4119 3709 6603 3181 405 6245 9251 2755 780 979 6027 8834 4137 3647 7680 8206 9545 8008 1742 8591 2019 3568 4862 1706 1413 6438 3535 8321 1216 7168 9269 2486 9610 7600 5728 818 7970 5559 3120 4556
45 6440 6613 9861 5014 6669 5613 9366 7397 6699 8778 9416 9397 9708 81 1689 7117 888 9231 2183 6800 6893 1460 6145 115 8035 2576 5027 1517 5565 4819 3253 2700 7064 9749 1510 6131 1475 1529 5649 5380 8555 121 573 5950 7319
44 2440 5959 3491 78 4616 9589 1247 2000 6935 6168 3410 5244 1515 8178 4703 6522 9762 739 3989 4822 1215 1023 2780 4410 3034 1392 7271 958 618 4541 7143 483 6691 3597 9840 3002 6465 9342 1470 4961 7050 3668 5280 870
47 1434 156 4467 9053 8424 6392 1753 7487 3681 8166 6402 5116 8471 4393 3667 8569 1898 5506 2207 2947 3545 4833 2891 4914 6213 6719 5820 9299 7310 9570 5594 5205 8684 9530 9195 8312 7945 4029 6108 6316 7490 1930 1209 5633 8061 8596 2925
45 1179 1711 2586 6197 5354 5467 4259 9568 7894 1560 1178 2352 8937 6727 91 0 2331 266 6515 7257 8284 2502 6378 8722 9455 7702 7656 3525 8529 1654 595 4143 1625 7582 3900 6913 6825 6517 7659 9905 6076 5402 7094 6012 9438
46 2758 7080 1813 7662 9988 2711 6687 8073 9236 6493 8833 879 4175 8991 2298 7605 7393 1302 7046 5100 5592 6224 2153 2080 428 3377 1135 153 5775 8276 7129 3378 7314 4133 2366 6196 9399 9205 1628 9637 6499 7517 638 7478 2291 5178
43 5604 691 207 4753 2265 2583 8432 854 8120 8624 2323 4628 7691 5637 5390 7097 6697 4019 9964 9072 4992 2551 4448 1530 700 733 2292 3790 1955 5034 9171 1478 8408 614 3578 5305 1718 4746 8522 7923 4437 5970 9697
46 9832 2150 3516 7148 5262 3482 8143 5965 3919 7976 2394 4076 4221 1344 1525 8262 7661 3835 2590 4882 5998 2520 4215 1701 5720 3747 9421 1598 6146 1156 2488 4860 3569 1850 4731 959 1514 5452 2784 732 2667 8810 9579 6573 9786 2879
48 9738 7318 3190 9435 138 8267 4980 766 3534 8134 928 1756 1250 7621 9467 6267 4550 743 1020 4334 4293 4591 1919 9311 5817 7739 844 4776 9355 7779 3740 3231 4056 8973 4016 2871 6608 8101 5995 6986 4319 7048 5660 5582 4412 3906 624 1851
44 8725 3183 4904 1577 3968 3856 416 5545 2459 1442 9899 2873 2801 1243 9078 2289 8728 1849 5603 9983 76 9466 6388 9081 9923 3461 8942 6968 3869 5573 8921 1366 608 8703 5625 9493 2210 8763 1811 8955 3946 5231 5285 5002
48 3883 2717 8172 1109 395 3198 2335 3575 7060 2384 9454 6000 9489 3479 3205 3090 8264 3882 7374 5429 715 7706 8296 2148 2842 1261 2704 1063 1416 9598 7200 8028 1240 6853 3433 1084 3097 9062 5437 2160 8302 6431 2257 4337 4682 852 1027 5953
46 5455 7849 4967 7324 8404 5967 330 7120 4917 8273 1390 5783 9302 1009 8463 1306 8458 4306 3313 4684 7355 2826 3416 4930 3464 5072 9877 1736 985 5816 7023 4451 5572 9521 1432 5363 1018 2856 9101 7520 2990 4297 2170 4762 5618 341
44 7678 3448 3766 7633 1764 4581 5245 3701 7253 3373 2747 4355 456 7800 9939 6436 1679 135 2068 5533 6582 2044 3686 4546 1873 4157 2837 2508 8295 6396 5399 759 9085 9965 8664 6290 4176 8772 1874 2261 6833 7741 1071 4502
48 6130 6056 4114 5057 5370 862 3765 9635 3579 8052 7279 3907 9241 1787 6519 8791 2499 901 987 1248 4262 161 3146 1292 322 7312 6721 6006 5067 8578 8982 2290 5672 8233 7964 7041 9226 129 8014 4036 1974 8084 6011 6490 3092 9423 7997 2936
48 2995 187 7320 1574 4398 2563 9561 5934 4996 1051 3518 6177 2212 791 9989 4566 1194 1620 4031 2320 6138 8222 2389 5689 954 680 8341 1453 8908 8288 5242 5389 8156 9875 847 853 5494 346 2669 3572 9620 889 5795 240 6074 5789 283 722
46 9058 9822 3187 4466 2182 3210 5846 5653 1014 1772 1505 9640 7679 5610 6167 8488 6615 5911 7651 3637 5420 9664 5428 6182 1661 6418 2869 3102 5487 8313 9726 4595 3089 1180 8825 5722 8748 6801 6583 4150 455 4490 9900 9991 6271 8194
45 6885 2223 9049 1048 6190 2648 2297 1734 3051 3951 4529 4144 5542 147 7349 3348 2313 9186 3234 2009 594 9689 1402 237 3926 673 512 6220 1456 2312 5631 8563 9693 104 6070 9331 296 3154 2778 4798 7705 480 2716 2349 3143
49 6340 2584 8598 152 6845 4574 1191 1196 5209 7183 8890 9735 5117 397 7361 5916 883 3427 2525 1532 8511 7950 2325 310 8721 249 5073 157 4312 4340 4814 5419 6938 1684 2726 5616 9125 7255 7140 3521 5776 2883 9170 9353 127 2911 491 7839 8548
45 6430 6975 9014 2652 1938 2351 8026 61 6864 659 7986 9974 408 164 7513 9437 5862 2955 1290 7776 4401 9332 6460 5497 4090 4723 639 7615 1606 4656 5393 1523 72 6589 3140 5172 5824 349 5575 2751 8749 7521 5849 8959 9860
47 7851 4891 2209 4974 7794 1038 9104 128 3903 3278 6410 1631 949 7607 5863 7526 9495 74 1120 7876 5192 5327 1630 7873 1034 1262 4218 7290 7167 5114 4934 2466 649 1578 6734 148 9142 8405 542 1129 9661 7717 9962 5870 2067 8151 819
44 5371 9141 4764 1660 7613 8927 7475 9304 5298 1465 5860 4942 690 3297 8263 4190 465 7942 4440 7282 3147 2833 3269 6345 3271 6048 3129 407 2087 7563 5920 4899 9656 6886 9472 8789 942 3493 181 3796 1615 9748 6737 1778
50 2870 6096 5832 570 8579 3860 8657 5555 8586 5461 676 9268 9915 167 6411 851 8679 7748 200 4500 4272 2924 1754 6954 4179 600 3806 914 270 4146 2951 5394 3068 755 7879 9511 8868 5469 2347 7827 8287 1731 8393 3842 5386 2105 8228 7817 3826 7774
47 9145 9581 934 5465 3075 9440 3693 8977 69 9811 1600 5102 7572 6616 7777 6764 3544 3320 8894 4564 4375 3284 9434 9769 2967 947 5956 3400 8087 6315 7476 4894 5061 9009 5788 3413 4000 8633 1527 9572 5864 1981 7788 8225 7593 7747 3227
49 3660 5588 660 9155 7006 3235 1339 9131 5516 6516 8910 1994 5925 4350 150 141 1549 3487 893 8573 1182 2887 5611 6809 7809 8650 7692 5971 5622 2798 3085 6110 9611 5458 3788 4142 1703 9722 6254 9948 3478 6631 4584 3940 3734 3601 9452 8945 2497
48 2600 9106 9714 3815 5703 3827 6785 9202 9732 7351 4046 9520 7436 7185 7406 1238 6652 420 194 2595 3794 7400 3817 8813 5438 8007 8601 4167 7013 4207 8221 8667 17 9920 7398 4269 5089 2575 9318 6899 6619 3237 4411 7542 3355 5054 3901 8265
47 295 6570 7576 4759 4662 8415 2649 9891 1417 6275 8820 2992 4788 8933 5433 9461 2680 2542 4792 5781 3484 2040 6238 8855 3923 4578 8254 3463 2949 4027 3204 3594 7027 1803 3600 6568 1078 5872 5300 8510 1375 235 4936 4811 6377 4793 2786
46 9191 7138 3155 9488 2417 1130 4632 7011 7026 1152 4976 443 3346 9864 1151 8251 689 3565 8391 9012 3273 1585 1459 7620 1507 8550 3137 5662 7514 1073 801 5750 9911 9432 748 9225 2865 4155 9978 978 2862 516 172 24 6755 4775
46 6781 8858 4852 4473 5030 4634 1359 548 2418 2971 8906 7845 5307 6826 2771 2194 7869 6711 4140 4153 1589 8435 7388 7962 9024 7053 5982 7499 8707 1640 3615 7762 1201 672 3935 7454 7905 5180 7666 809 1594 651 616 1369 4998 7885
50 2849 1408 9543 7760 9445 9157 5041 7173 7244 2037 5151 2201 15 9165 9356 3741 1904 2613 6473 5802 6606 8215 5701 7560 855 2589 3382 7276 9716 7172 9564 9297 4596 2886 4604 8208 7067 4781 8735 6467 4613 9450 4908 856 5536 3406 2959 8317 1522 3080
49 820 1579 2378 2636 1752 1831 5557 2365 5206 7042 2003 3126 9754 238 1165 1854 1770 4953 7163 1326 2132 7450 7000 4316 7554 5219 6945 1892 1726 1783 2757 9040 211 1652 4618 9801 9516 2543 7736 3626 8252 9819 2454 1834 2844 5569 5729 6496 4585
50 719 6507 8220 5500 8246 8183 1365 7329 9632 2506 8765 2279 1229 964 9380 3192 8680 4831 7135 1256 4431 9780 8413 5691 6811 4713 9091 5191 5652 6119 9066 1225 912 2118 1619 2827 7504 2787 4920 7169 8010 9004 4326 6293 1287 5196 3760 6823 8037 3580
45 9392 327 42 6891 816 6980 2442 1067 7449 6459 9484 7381 7022 5167 6866 5053 670 7268 6210 6354 8335 9618 1952 1761 1905 7102 1114 1391 2445 9551 7208 8674 1296 2831 6840 7933 3542 8940 7595 1518 7192 9894 6266 8743 3769
50 3016 8544 3363 4077 7047 1143 5492 5886 5156 130 9884 5585 9462 6452 6049 8365 1735 4724 5434 5382 3110 9654 584 7941 8115 8426 7363 9712 9122 3343 6802 7248 2133 7141 3263 1582 4846 3217 401 5449 2987 7287 5337 2926 566 6783 103 3074 578 8964
49 8141 9180 9888 666 9688 3169 68 5031 6032 9772 3680 4627 3114 541 9310 8518 5146 6296 8466 532 9029 7213 8337 5854 5450 9002 8796 669 4434 3641 2972 4404 6336 8016 631 8822 8473 579 4462 2443 3224 5101 105 8197 6059 3663 5928 8387 6148
53 3249 1141 3423 445 5535 7606 4794 9756 5345 6889 3259 2966 8266 5901 1282 9394 800 1767 4413 5704 5793 8260 6927 39 5000 9739 9233 412 729 1458 5443 7681 3287 7673 5295 4299 6083 3414 1733 5641 7 3032 6066 6661 8902 464 2885 6920 9001 3173 9071 7194 9784
51 681 3831 8097 993 773 5097 9584 6151 7014 3201 9079 4926 837 9391 9909 7872 4134 3905 6572 4864 4292 3277 5963 5249 1128 2014 1146 1719 5943 5737 3576 6403 5464 7103 3621 992 3751 3395 1755 3862 1989 2824 7220 6569 7713 2938 9542 9045 4699 953 9163
49 2038 1999 654 7313 1492 3505 6857 1779 5349 8872 4716 4530 8500 3644 6979 4938 3785 8122 546 2120 2610 8231 7118 7588 3700 559 6837 9852 4438 2070 1656 7783 1164 6383 7497 6071 3358 9849 2437 8323 7602 7730 5805 5548 3421 6442 7470 2249 9895
49 9351 3922 4760 3611 5130 7115 1066 2526 3331 9907 7203 1138 5670 5742 4017 2415 2989 8013 4782 997 2382 8512 6601 1294 6591 2970 8031 7196 6492 2564 5131 5060 2988 2208 7403 2172 668 1041 2875 7902 3688 3706 8533 6916 4973 4384 3758 8640 5638
48 5835 9168 1472 3877 9136 9695 7695 6664 2169 6150 338 1293 2920 513 5170 4874 8042 1971 3229 6914 4687 9703 2184 5306 2811 5962 2739 9588 5479 4570 4946 248 8300 3252 657 1356 6852 6848 2553 4783 8192 5629 1449 3354 8895 9505 3279 4659
50 586 6423 1386 8039 9718 6671 5195 6635 8717 8829 1049 3707 1575 5796 6427 3151 3625 8812 3018 6872 83 642 2897 140 2686 6665 2082 2893 475 4421 3886 9323 7437 5098 7510 7127 3142 776 4508 7469 9550 8962 25 7618 581 7107 5787 5507 4512 2634
47 3440 526 3123 6557 8948 5475 446 2205 8547 8327 4386 9629 8726 9546 3335 9439 8581 4145 3481 9067 2100 5291 292 1303 3095 6174 3054 5346 758 7888 5880 2309 6739 9480 7495 4301 5754 458 4283 9377 6782 442 262 2567 6008 6513 9556
46 7277 4189 7822 4349 8590 3027 4909 3762 2841 1794 9540 8737 760 5315 4630 4229 6708 5601 1493 6098 7860 6291 5379 7725 369 4109 7836 4482 8571 9083 5164 6525 9663 6391 3613 1372 195 7583 6222 2537 2329 2881 3101 5591 3913 4087
51 306 2805 3590 6227 7175 6597 7496 9951 1675 5855 1053 2036 8281 8913 6244 4524 4880 8876 8483 4163 9760 3315 8907 3290 5417 2235 4602 5581 9609 3458 2593 6512 7410 7225 5078 7780 3178 9834 3990 9652 9508 2732 7972 6943 5985 7100 145 8978 6320 2952 5255
47 4523 175 5062 8407 4922 3551 8934 563 1520 4607 9139 2137 6822 6500 7988 2774 4341 1792 9973 3364 6252 3982 2316 8509 198 965 7044 8283 1886 255 8491 2344 6394 8457 3357 8785 770 4651 3577 7354 6534 2478 9947 4947 3345 8784 7555
49 577 6950 6638 2607 7720 2954 544 6363 6509 2048 6922 7974 7149 675 5596 2247 3429 9338 5763 9363 3743 8369 8294 8611 5579 5782 8436 1552 9673 5026 5199 3890 5415 1565 3255 176 3965 1513 1982 3627 3498 7754 6040 9124 4196 1705 9003 8744 4254
49 6042 5919 4960 2823 8315 9031 4392 3630 502 8130 9817 873 35 2642 134 4387 2679 4025 358 5028 413 6705 7645 529 6024 7532 580 5842 6075 4614 6104 2379 2319 7943 2974 2665 8086 2742 3793 4013 1966 7967 3713 5515 20 5215 1967 9388 6639
47 7653 9371 9890 8184 9727 7918 6294 5462 9224 4436 1059 4152 6753 792 6676 117 4193 5071 373 1526 3055 8552 7443 8390 861 6996 3983 4414 1221 3418 6758 354 8429 2602 2650 4206 6126 3022 312 6053 5521 2976 2311 9698 4274 5774 8443
51 3875 1769 746 7256 957 994 6720 2813 7331 9836 3898 2401 1441 8417 1222 9183 7981 9851 3304 2646 3379 5175 8047 798 7429 1044 1102 6063 4011 6450 6706 938 1571 6884 1763 355 9758 5605 1335 9102 5888 9486 9335 3351 4381 1762 8731 3931 7837 8062 3808
53 1808 1587 9211 1204 7639 5944 2152 4944 4937 3350 1422 5910 5182 6876 4948 956 4089 7927 8641 8528 1118 6385 4178 4921 1045 5442 3356 6192 603 989 1142 169 5746 9409 5013 8133 6387 3371 2045 4686 2458 1332 5961 9306 7055 6335 9074 3369 9134 6637 8918 1991 9918
49 9413 5046 4049 8961 626 9743 5476 3855 3844 9190 4677 5201 1865 9753 8460 5496 1519 7709 2513 5304 7939 5488 6948 3730 7696 5606 210 5718 4756 3639 9560 471 4202 8608 6314 122 3296 7302 9691 8127 6139 9022 9886 4877 9705 4695 9615 9866 9410
51 1717 8849 9282 1599 8835 1060 8017 1818 2756 1608 6681 8663 740 1547 1917 1354 9658 1007 9835 3863 7345 4284 8605 1056 9845 8883 6338 6841 8860 7898 4406 5003 2453 2460 6469 9237 165 1696 4536 3676 4449 2978 4681 8823 9759 5813 2776 7002 3970 4235 7368
55 3387 13 7901 8698 2086 7030 4701 2005 2482 4311 3620 5724 1659 8046 2359 1521 3528 9406 1730 4003 1427 7419 7284 1647 384 9092 5441 781 3321 8384 8279 3108 7763 3939 8534 6400 3261 8304 6604 9532 8340 7137 2363 5358 6774 2434 9523 4320 1305 8935 2448 8416 2467 9555 7364
49 7418 9111 3233 6956 9213 476 1348 7611 1139 9219 5400 5436 2057 3272 6295 9853 9153 5045 7037 4728 1825 6310 9651 8371 2675 6749 6696 318 2187 7159 4623 6288 5655 8379 9944 6987 8600 767 2619 4848 8308 5665 5996 8146 4702 7968 637 6960 6974
48 9159 9321 7914 2452 1833 3171 4797 5917 2693 170 1124 5598 4391 7773 8006 2129 6361 9451 8274 2071 7407 3494 778 5347 916 8185 2413 9381 3786 2527 5485 2411 9070 3737 9401 5338 3749 6342 9539 8243 4369 8708 6415 8195 9383 4832 9544 9307
48 4078 8099 9858 9446 1312 7015 9506 968 1197 1961 4639 6551 1245 9898 7660 1603 3176 4652 4243 199 4101 8824 8956 6298 4180 5122 5727 8175 4737 633 3004 5688 7285 2662 3485 8380 4203 3624 114 8160 1841 894 3649 6169 5491 5960 1533 5561
49 4935 4322 3562 436 5952 6265 8481 2 60 5574 721 4314 5052 8968 1368 6538 6163 7390 9548 1723 8857 1618 7459 1870 7792 643 245 3067 418 6714 1611 4035 6958 591 3566 4606 5203 8557 4121 1900 2360 6838 1396 12 4913 2616 8941 3857 2254
49 2851 4065 2414 4671 2496 2785 9492 4214 4777 5066 4104 1412 8201 5587 5639 2281 5975 2558 4064 5096 1799 5405 2262 5198 6684 1914 2348 5299 5505 9276 1906 4752 1286 6571 3789 151 5243 9602 3447 5091 2812 717 5110 2275 5032 4680 5375 5365 6898
54 102 7427 671 9594 1846 8386 2069 702 9699 2469 1597 9263 706 1133 8564 6752 9795 9415 9994 8004 5384 392 9526 3191 5289 9218 1489 6143 2682 1885 3096 7184 7212 1828 64 4654 5980 2112 7825 9000 1945 5684 6592 3699 8433 3559 3752 3015 7164 7106 65 7214 3645 845
52 4768 4804 9328 5837 4246 314 5903 7689 2933 3462 5612 5148 5726 4302 941 80 190 7993 6230 3340 4726 8330 5309 3453 4295 9414 9160 1838 1353 982 7778 4800 8034 1502 9162 9016 7241 1992 2222 1979 708 9503 8742 3948 1580 9285 8979 1629 1079 371 2431 9724
55 7584 1965 8372 9960 5336 1424 910 1140 5237 1275 2293 6563 1016 9721 2301 8958 2748 2136 5878 5090 1692 7847 1724 872 1214 9303 6908 3390 1494 5220 6072 4488 2283 2219 6953 4704 6689 6695 7357 4405 4806 2628 2621 6116 6771 1183 9977 5158 7683 7807 5549 8776 1801 9650 5273
59 8946 8057 8453 3581 5326 6347 1285 6778 7384 6925 9384 9752 215 6554 2053 6634 6990 3513 3439 8005 8398 1477 2835 1233 6586 1908 2946 8821 7589 2404 5993 3942 1094 1866 4727 8139 8336 4609 2754 524 8459 2898 9746 7749 4675 8635 9036 9903 1978 4631 3547 5344 4735 4600 340 7934 6680 7908 4964
52 7426 2672 3902 2146 3209 159 2241 5938 9646 1809 1278 2253 2914 2358 7668 8970 308 3651 3341 6277 5397 5951 6997 4952 8106 3849 7025 4748 3026 3657 6594 6607 4496 7273 5331 9626 4911 761 7095 1384 8881 7445 6489 695 8685 5615 1266 5907 4895 574 9161 98
51 9189 558 5524 846 9942 9075 7394 6655 2252 4622 9719 1674 4975 4969 3420 1174 1098 7835 5059 9812 7039 686 8616 5894 7242 9694 3894 2549 2872 5978 494 7221 5422 2420 8537 2598 3738 6067 6081 4242 1297 4468 1716 4531 9642 8880 166 1270 5712 119 126
51 6229 2993 2091 6543 7222 3972 5794 5632 3954 571 5705 3049 4722 1322 3871 8249 7693 1193 9818 9090 6648 6585 907 1467 6915 7112 5972 5270 2326 4549 4492 6962 4836 9465 1190 463 4429 9357 2102 7224 5316 7019 8032 3196 2094 4532 7726 8236 4353 9782 973
51 3153 1788 3756 4303 7708 8080 3333 8438 9076 1239 1217 7299 4282 6446 7592 5769 5900 871 391 6918 560 6999 9187 7247 9118 7035 4317 8610 4328 2226 2692 9776 2128 9345 1291 1043 9711 3809 1324 2471 8065 4463 459 1877 787 415 6360 9422 7861 5635 5284
52 4052 9872 6791 8207 5984 5511 3618 6117 9052 9123 1210 1604 7087 6622 2868 3079 9583 5512 4348 5510 1671 59 1548 1709 2539 9179 4603 2730 7099 1830 1713 6991 2341 302 4706 8271 6307 829 4876 1077 1699 5932 8179 8112 1576 9934 4479 9474 1916 1678 825 4821
47 1572 8709 5160 4447 9992 8399 7694 665 9785 7742 3036 5313 1760 9955 6128 2738 8001 6535 3086 3105 4519 7983 8861 2314 4343 9672 1504 9325 3213 9011 1169 7585 424 3245 5194 2641 1381 9631 18 7601 6761 9563 9064 4352 4643 6952 7796
50 6808 7828 3265 3179 6001 6796 2836 479 4442 7232 8701 3347 7086 385 1998 8423 9798 4641 323 4124 5064 3548 3174 55 7321 213 5104 2888 4538 9140 5899 1931 1743 6839 1116 935 7420 410 8126 4624 8045 6248 9766 4020 253 3457 3072 6626 3422 8114
48 6424 9340 8085 3704 4066 5532 8870 1192 7458 3735 1558 3412 4304 8754 43 996 6312 3678 1360 4223 7009 9372 5063 7005 1308 693 3211 3677 3512 9419 2910 599 4861 6193 3017 1949 8923 2074 8929 3163 8606 9082 1404 8164 8750 5092 5432 5418
55 602 9284 1568 596 5608 1956 5898 4239 6474 8699 5968 4018 2126 5714 9121 5228 3281 9182 1064 848 1083 4691 5514 7767 7195 2948 7830 2017 430 406 6772 8422 5356 6653 6180 4740 6946 5272 4924 807 6381 6095 4022 9086 7339 699 6289 4008 509 6503 4954 2789 3008 6240 5320
53 4141 8595 8299 3025 8447 1704 6482 3099 1737 2168 7249 4030 3783 2591 7840 7675 2064 8993 597 3398 1708 6707 5770 5834 4985 4423 9279 8807 3963 5373 9830 3971 1161 398 5617 3031 438 913 8930 4932 4342 1447 2405 3098 7477 196 9030 6303 9164 8374 5050 1665 5453
53 962 5552 8546 8383 4166 9747 6416 8745 4 1325 5940 9258 232 8050 6437 311 6550 3654 4174 4095 2928 2412 8801 8939 4986 1829 5075 8762 2125 6521 2714 7834 3184 840 9779 8817 7797 9639 6109 8382 2162 5657 8788 7457 7396 8117 1798 5526 2544 3404 2969 2561 3595
55 1641 1187 5147 7494 528 8797 3149 7516 6382 5456 2085 6211 5671 2391 6359 9133 6750 5822 9317 7484 8617 2050 1069 1003 2121 1744 2657 1667 6670 8190 4955 9674 5628 478 3244 3714 3475 7716 2932 6031 3980 2503 8104 6799 4907 4664 79 6921 9828 390 8928 3366 7850 2809 1993
52 8551 5645 2996 5388 8205 553 89 5153 1700 3702 9937 9027 163 8410 9477 6286 6971 1871 7455 7761 1000 9247 7596 5118 1280 2944 4918 6156 9232 6223 999 6877 2229 7433 7350 3666 6132 6831 1902 4210 9813 8576 8203 9025 7518 6929 2749 1022 2999 2807 4256 8470
51 3511 7132 625 6668 7343 5503 8952 477 6961 4186 2664 3292 6304 7375 771 1299 3745 9314 9203 9093 5547 4732 8815 4100 116 3246 8886 6414 4332 3370 4240 8519 9653 8186 5799 4359 2580 1844 4982 7451 3538 4485 2483 2991 1957 2691 7413 4820 7246 1739 2810
52 3236 4801 9194 9248 8434 7380 4650 7020 7442 663 5949 515 606 320 5850 1944 6162 3167 4158 2243 4435 2857 8844 2390 8038 9367 4829 8871 8713 9630 6306 5806 1033 7628 4653 3337 9137 4225 7565 2356 6548 7658 7998 2065 1800 6327 4026 1655 3474 2532 6061 1289
54 9925 4469 7642 8364 7787 8740 26 3005 8950 7416 7528 8549 9777 6985 4069 9235 1258 2233 550 7765 9562 7906 5404 8769 1934 8686 6508 6044 337 920 3674 7795 5643 6079 7823 3754 500 9701 3445 6934 5743 3691 9364 4505 7505 7281 7991 6308 378 3962 5621 2493 9109 4329
54 9215 9814 6257 8472 7946 2330 4091 5815 3682 4219 2965 1907 3118 9831 5435 9184 6057 3480 3802 576 9634 1694 9857 359 8899 6763 9365 8334 3828 7058 3692 9098 775 6334 2299 9487 7684 4499 6333 8212 7904 8229 9608 6501 8556 5599 5819 7604 426 2737 4461 2594 4419 694
50 7995 482 1539 8983 1437 256 5185 5895 3696 4181 590 8285 7347 499 4185 3215 1307 6666 4898 7863 1747 5108 8066 2759 8489 4276 9252 2475 1469 2043 1403 6725 3822 1426 1101 5871 3307 5019 821 9686 6797 5391 9143 3993 5256 4548 1136 3106 6587 447
54 3256 4830 9360 27 4338 1021 2263 6620 3291 4192 5229 5682 8093 8831 5784 3489 5274 409 468 4679 991 6862 1915 7877 403 7157 8925 1936 7012 5577 611 1876 3499 9525 8420 4842 4372 3372 6549 9319 9132 8998 3994 2340 8836 6260 3527 2211 6533 1881 8916 9723 6542 3444
51 3145 7735 4260 3288 6931 5528 271 4802 3763 2430 8714 8651 6007 319 4377 5772 437 2624 8025 2509 1002 9871 2998 3094 5427 5994 3152 2225 5409 2821 6078 3602 5957 1471 1252 9512 4333 7434 7092 298 2729 3998 7125 9912 806 4872 8501 3589 3062 8360 7690
52 4661 1817 9887 2793 1842 3260 487 8841 4476 629 9096 6485 5499 3541 8328 2238 7356 8377 7597 4958 332 7082 3515 564 6352 3812 3585 57 2741 2278 1616 9659 9647 4389 8056 6140 4863 1159 765 1110 7987 9201 4959 6907 9517 5809 990 6762 5372 5481 9847 63
55 601 9696 7229 2517 23 8654 8170 8356 874 9592 8261 5020 4983 9494 9599 1440 8911 243 204 8593 718 9127 7068 4582 4696 6993 4382 3393 382 5804 1535 3073 2889 8226 7438 7428 4187 6788 8 9341 317 5217 2566 783 2282 2197 1254 3909 5466 7731 1464 6722 1638 2016 3767
53 9742 8502 6982 8440 4807 8431 6258 9606 4560 7482 3332 704 8442 7110 7489 1167 4194 4457 3675 9254 8325 6856 4774 4988 5292 2276 8248 5840 1223 4471 6439 9047 2224 6940 3596 3046 9144 5444 1075 4233 3658 3053 2284 6273 7376 9557 9208 8660 6305 3816 4268 6955 8307
53 8090 2830 1387 7235 2874 34 8003 6407 3764 2768 4001 9504 3019 9315 7296 8292 8645 8642 400 8794 7522 1867 8976 8350 1405 1972 1406 5504 8621 5477 1054 903 9999 6124 481 9867 6054 5335 7211 1251 4537 9063 2597 1583 9032 9112 1975 8376 2904 9094 8619 7066 5410
54 7609 1824 3632 7511 551 1205 7864 6756 3177 8445 9678 1373 4486 7878 9975 1657 5760 5757 5183 1259 790 868 7531 1319 865 225 805 4420 9177 6433 7124 2206 6924 6353 180 9928 6232 4670 6896 944 9275 8467 9945 8852 632 1347 6356 1227 6153 1446 3148 2380 1106 7996
54 1466 3240 7205 839 5334 3640 7724 7230 3139 9761 3186 1487 6099 8620 7227 3934 9149 111 7815 7108 1389 4658 4402 9844 1498 585 7033 3470 4700 5642 7994 5236 9929 3773 3976 3282 5094 1343 6642 2934 1318 857 5560 2962 6002 7152 4995 891 8060 7435 9731 696 5897 1212
54 8724 2156 3832 474 8152 4170 5942 2715 896 2860 4250 8575 2677 8634 1593 9272 9362 6236 789 4542 3336 1986 4127 5083 2124 2066 6082 777 2428 7265 2372 4080 2108 3650 6617 8116 5043 4399 6199 7550 1561 1463 2196 9379 2336 2302 8777 4138 731 2572 1010 9580 3381 5681
51 8644 2191 9288 3911 5213 5134 9042 3953 5005 8250 5883 5348 1414 6112 7278 1127 1304 51 9690 7875 4990 300 7432 5766 9280 4161 8560 9547 367 8051 3047 8310 5357 6527 8947 5047 7226 827 242 9569 3066 5677 8779 5936 7930 5918 6029 6633 1559 4708 1627
54 8561 5673 1942 2090 1468 9591 450 108 40 2614 9382 9625 221 930 5353 1784 6854 4465 7755 5074 8040 3908 7091 7525 3846 5852 3136 376 4851 6175 2324 9312 514 1117 6965 1845 8199 7070 5087 7627 890 1155 5319 2545 2694 5764 7508 6654 6972 4224 2189 9444 3403 9558
53 724 7382 8121 7569 5908 8919 7969 2140 432 6073 7430 2569 9407 2770 5157 6747 2310 1836 6331 2552 3262 6191 2935 9750 9007 6429 6337 4098 866 6100 1122 112 297 505 6343 6195 7283 8795 9234 7269 118 723 9514 4999 5232 218 8081 2514 8272 5609 9829 4881 1868
50 3384 3452 4766 3258 4660 4717 7323 3405 8966 9856 8494 572 8920 36 5278 9883 8358 7209 4818 67 5352 2977 143 5132 8630 8490 7757 7909 6204 2200 8495 923 244 8403 3012 2816 5364 4620 7197 2109 814 4666 6867 6495 7261 7900 1473 6235 6546 1793
57 6330 688 8730 6425 1768 8592 747 16 1429 919 2024 5706 9055 8609 6686 1821 1253 7629 4929 5070 2030 6672 7928 2913 8507 7308 5761 9800 48 9290 6629 8200 379 4693 2425 6760 7447 9730 6777 1901 7535 162 5735 1497 5155 9181 2115 8567 652 6181 6358 9687 2516 7772 1484 503 233
49 2163 8669 4805 3119 2554 4808 8503 5129 9378 5826 1241 2912 4183 7028 7369 7316 356 6268 8917 353 7059 8455 4430 2354 5093 7831 7924 6977 803 3325 6487 326 8303 3967 2073 2773 7263 6101 4409 7619 3424 8520 4615 3710 47 5948 6189 7537 9354
54 9054 7855 3929 9037 7309 6463 8875 9385 4415 3367 2013 1430 3091 6036 4478 3604 9240 8874 7703 5314 4021 6454 3839 799 6060 782 9207 6502 3684 7515 4129 7155 8461 4010 5986 8839 4649 4770 6870 4216 1388 4173 4296 3135 3141 8672 6704 3959 448 2670 966 946 9481 7911
55 6021 280 3665 4543 3772 8297 7982 3866 3992 4156 6868 8681 7910 185 8022 484 2161 4388 6256 2931 8067 9575 8437 9057 1371 6018 3771 9824 1853 2251 981 6376 9893 7591 2321 1058 7959 9386 3564 9775 6733 8388 6858 2884 2063 6713 4271 749 8218 9113 4518 937 8298 7362 6173
52 5955 2765 8523 8710 4503 3385 9352 3396 3442 5460 4005 5867 1160 5759 435 7111 5838 2511 7462 5906 2760 9952 4136 5803 609 4045 4813 5152 1137 6451 2130 3574 7829 2660 8827 4023 4886 6349 9519 3726 7301 3586 4721 3450 2095 2866 1361 5685 951 8240 2901 9941
51 929 4501 7704 9336 4773 1909 3694 817 1890 4784 8421 7637 365 5424 4692 8349 5406 6675 9126 615 8677 9993 6773 2685 2004 6272 2171 2939 1409 4883 4970 2740 3359 8269 8198 7826 7372 4073 9402 2579 4012 5009 4367 7738 9535 2041 4940 4135 3540 4418 6787
50 804 94 1573 7793 3656 3316 3932 2479 2339 7176 4903 7065 9107 380 4325 6567 6364 3546 4290 2188 3127 986 1418 1879 3061 6483 4213 7307 7378 9209 6905 7189 7079 2402 6875 19 260 8021 5902 5873 7128 2964 8058 4688 9679 8830 2487 2850 1946 4347
52 4107 3104 8504 5889 7402 7636 3064 850 8530 3716 3755 2609 8572 7960 9324 2960 5843 6715 203 8862 1206 6813 4667 1147 6457 3220 1171 6743 8168 4838 3319 1581 3473 8291 9316 5853 763 8580 5893 6458 5762 9680 4267 6103 8535 7770 6203 2828 6184 1875 5551 8465
52 2381 9740 6154 5973 7358 7648 3264 6910 2395 9874 3267 6859 4116 3520 9044 9733 1676 8055 8147 7935 7958 8536 9228 2790 3807 1314 7431 8475 5095 6644 8599 3376 9046 5773 3776 1563 495 2081 4041 8411 880 1017 4741 9065 7332 1316 5937 1385 9293 2273 5361 9154
54 9246 8545 9826 2890 4088 6890 9755 2640 6102 3391 7715 8368 3917 2745 5457 5084 2303 4289 5490 6263 7503 3553 6693 1320 2416 8278 9261 5048 8124 99 1457 9794 3927 2432 8196 6678 3945 6247 6937 7548 2240 9013 6579 7512 6478 1728 7280 2834 2357 9916 3161 8583 2213 9827
50 8607 7297 4433 9441 4238 4769 429 9956 3612 5423 5654 5166 1750 3486 2794 1882 2562 8974 5687 2867 301 4689 8604 709 3449 5839 2540 4258 8614 8158 7231 4498 7624 549 7646 9271 4245 7391 6420 3947 823 8802 3208 251 6901 5586 7008 2099 6561 3021
53 5325 3076 5008 6610 8971 8851 3921 2399 540 5207 5520 7383 8954 8924 7866 2409 9084 5935 1693 21 2522 5124 9855 1085 189 863 5330 2683 7088 9326 3344 9050 8867 7889 7365 9998 3007 6949 7940 1605 6855 4426 3084 7524 4416 2721 2709 497 556 8070 8589 5851 6017
57 9764 1925 612 5771 1531 3383 6871 8282 1024 1644 8884 7158 6341 5446 6902 8741 4044 3532 1545 9376 2629 7122 2178 8892 9906 1176 7740 9185 5015 539 1636 3978 2387 7750 2727 4557 4453 2022 5697 3000 1722 3874 4729 4362 8632 113 3510 1682 2533 6532 6052 3226 8891 7852 4714 3038 4037
59 377 2698 4989 1805 3501 6250 6092 7699 3323 158 5126 3731 2838 9622 3803 2403 7745 5133 8689 569 644 7785 334 6882 567 8538 6951 5367 1721 2761 9256 9359 4351 998 9617 8370 4149 1013 3327 5038 3718 3690 1649 5111 727 5892 8102 316 8739 4038 692 4646 2731 882 7789 1607 7294 224 5392
52 5801 1512 4878 1364 8903 9797 2228 9130 4200 7180 73 9825 7201 1342 8553 2142 4885 8211 4997 5121 5311 7188 4823 4428 3819 7077 1249 623 5519 492 9734 193 9169 1346 8119 3222 7262 9946 5563 4154 5933 142 6281 2025 2491 5812 1937 41 2385 2902 9330 4364
55 7545 3247 5595 1807 5881 3867 3582 8936 6123 3722 8865 5079 2744 4251 5439 3865 7670 4665 9917 9821 9497 4547 5874 4294 1103 9453 9876 86 1840 1673 4043 8702 1710 4475 7573 6270 7446 5620 1814 3864 1331 1500 5234 8648 2427 6324 8018 1939 453 1263 4827 9152 8514 6843 2451
53 1030 9498 6729 5197 6888 6155 2573 6284 404 8162 9590 4495 3033 8239 6205 3984 4575 8700 5403 6357 7131 8347 2355 1126 1321 1847 6892 4761 8882 1382 3662 7626 8333 1231 7133 6789 5362 2958 136 7686 8508 1570 372 7440 3112 4105 5882 1820 2119 3030 1399 4707 9343
59 7179 3496 7574 8678 7871 3471 2876 3172 273 5226 1025 5144 6746 7719 630 7379 8000 5861 4110 5023 9720 38 5699 4002 9628 9300 339 8255 2615 3401 6624 4280 1567 9513 1351 8396 7003 6863 4991 9566 1569 7057 9684 1162 898 5624 4733 6086 2927 2269 7090 4619 5471 5543 7174 9188 3159 6279 6575
54 8896 3628 6879 8513 5675 5997 5263 2051 4697 5318 5619 1004 9745 1888 3711 565 5659 4130 3402 933 6976 4379 510 3759 7258 6544 5716 5752 9424 254 449 4525 4470 1195 1732 5463 3466 1230 2127 5866 3115 8173 1019 9433 8706 6317 5538 892 9778 9080 2306 5216 6810 6422
56 4494 275 534 656 7698 9930 6983 9129 3009 375 6966 8756 3573 4472 107 6874 7405 3156 2689 5879 7062 7536 545 3563 8665 9490 2165 231 9390 8362 6539 5539 6628 9717 4812 2131 6127 6685 7640 7786 4007 3270 206 3165 1443 8811 1790 2559 344 1543 3041 4981 5859 2481 9841 1177
55 3720 9447 523 9257 810 2777 4279 7295 6677 8277 2775 3881 216 3669 4809 1485 8904 9737 5189 1349 9173 3490 2825 5830 6025 9792 4925 1482 5732 6462 9400 7546 2245 1632 6249 9896 1806 1379 4778 3964 7599 6259 5145 11 6981 2072 3729 6251 7791 8165 3197 1540 4526 2957 8351
50 8653 9417 5721 4068 3698 9019 3306 462 7147 6242 7408 7412 4015 9395 6744 5401 9006 4363 8944 753 8889 8144 4147 6646 1621 1401 5786 6998 8999 5447 3960 1450 2596 9294 3792 3966 7920 2002 423 8838 5016 4360 3936 843 8305 4592 2985 869 4871 7414
55 9443 9538 9117 1491 3302 9459 5247 7161 9095 785 908 9537 2673 4394 8673 4117 9949 1883 4647 7925 2426 9216 6367 8639 1029 9763 2982 2060 8759 3799 5958 4164 9567 3088 3248 875 8525 3052 7814 9843 1922 146 876 5981 932 2294 8527 6832 4517 860 5678 120 1150 5779 5988
54 9038 1425 6200 6595 6640 3598 1863 5258 8615 6767 813 6618 7359 7541 8036 6186 8783 290 3774 1226 7802 3434 4456 6115 8938 8332 877 6208 4177 3961 6930 2364 955 324 4868 7333 179 8397 4939 921 2461 8719 712 7480 5686 9069 3214 9788 1943 7677 4683 1184 6947 1268
54 5383 4796 9820 8850 4169 3643 460 1964 6556 2138 8012 2644 3854 6419 5887 4889 7401 3813 972 8153 8967 3131 1933 1948 1188 664 7556 5790 6518 3805 1336 2173 2164 4086 5431 8767 5271 2455 4744 5814 1481 7486 6077 2393 634 2093 427 9023 3451 3138 6332 2585 7422 1596
51 8394 7096 182 1924 3339 4535 6748 5658 3557 9097 7016 2096 3040 9172 3770 9220 619 3144 2547 1889 9677 1960 7989 3974 6484 7948 6692 264 1832 1050 5741 2899 2690 6967 535 4464 6373 1534 3673 9167 3438 7306 6339 6577 8244 7156 8792 5317 5513 7978 4014
54 7781 1271 4568 915 8781 5669 8885 4966 5829 6278 4082 4252 236 4231 662 5376 7561 8541 8182 8238 7664 2230 1899 6449 4376 5913 7300 9464 8137 3753 8990 6530 101 3571 5810 285 7373 6023 1026 4709 7530 4427 963 5286 6887 5946 1812 192 9244 9987 451 936 7806 6121
55 9692 2202 552 6959 1407 5387 1926 4123 5797 1677 745 7896 3243 425 5159 925 8655 2286 2011 3298 9809 5890 2900 8482 125 1774 7587 5540 2193 7758 5590 9021 8155 6039 4837 9846 2515 8301 8069 6194 9369 3023 5719 4510 7119 6745 7858 4840 940 4590 4422 1345 1551 2582 6413
53 7186 8406 7395 8286 8625 667 1175 7543 4009 4553 3225 33 3556 4315 6559 3130 6860 4241 8253 5818 3310 3360 1929 9010 4743 4371 6895 6134 6111 8972 5484 3891 7578 1480 9897 6346 5626 786 4971 543 6239 3996 1337 3727 517 8077 3583 368 7926 3305 1350 3285 7534
54 2713 1035 7031 1186 3519 8949 3268 4455 8237 7144 6292 8711 7464 3103 2232 3724 2843 6690 1096 5440 4504 527 1244 4425 9135 5833 4779 3180 2581 2658 7206 461 812 3056 8984 4987 6558 3342 5623 728 7954 2190 5792 6702 5120 485 8219 9320 9347 7951 1891 282 362 411
58 4949 4397 1896 554 5865 1410 2736 7890 7109 9120 7603 678 1740 9242 4597 2762 8718 9880 841 2318 8289 1207 5749 5647 9089 7377 911 5905 259 2973 6399 9334 8348 917 2315 7912 9553 1623 6827 8869 7685 1008 9938 7085 5576 8905 8169 8985 5017 6688 3588 7746 1115 4346 501 3349 9645 7153
53 6897 2803 4765 7529 9522 5553 5566 9621 4834 9963 2058 9238 4358 3182 2158 3912 4736 6233 620 7610 8245 3955 3975 2408 6728 6114 8864 5135 30 7171 2034 56 834 7975 5246 7732 3732 6529 6605 3924 9682 50 6602 3352 2626 8695 2703 3607 1255 4586 3918 9404 2504
55 9662 8366 2855 9227 4327 9559 6113 4084 2218 4096 1198 7915 2574 5556 1149 9854 3069 5119 1852 3330 9728 6434 2699 6368 9287 7884 3003 8675 278 8597 4845 1057 3837 8414 444 9706 268 3973 7160 2035 2880 3230 269 7498 1546 983 6201 8712 5747 7804 2444 6149 6598 9192 4644
51 7337 2795 1816 276 2244 9636 4710 1462 2519 970 3326 6738 6793 1759 5821 8912 4888 1309 5169 5018 5137 6178 9278 8842 1170 305 6166 5546 2462 830 884 2839 100 8230 5179 3365 8361 3206 7562 7101 1686 2046 5173 2264 2712 1015 7966 8270 6498 5877 8180
54 2550 5049 4951 8969 5113 3476 9175 779 6005 4165 289 2167 5857 4298 975 106 4640 1081 8603 7291 9375 4281 7275 6814 5200 9458 5909 628 831 9729 7385 6170 6807 3820 588 9534 2271 8331 246 4554 6700 4102 3338 1827 8622 3841 4884 4571 2308 2088 5161 1727 5717 8879
57 3492 6497 3878 1751 5472 4896 9073 229 1681 6464 3847 1340 2797 4758 7483 6740 6329 8988 8628 8214 7766 5694 6581 71 8775 3132 2204 7075 9666 4113 6861 8210 8217 1 538 2521 8671 6087 9614 6004 9926 4558 4209 3483 186 8690 4108 1281 4984 7166 5430 617 8585 4354 9100 3530 6135
53 1125 6214 9361 3312 3781 9702 291 3744 4817 8293 4313 7751 3299 7916 9531 6795 6824 2909 1158 3631 2923 1436 5869 2500 4943 984 5268 1536 7622 6621 414 3885 5931 7710 3915 6372 6107 7254 6536 7818 7567 735 4993 9020 7711 6709 4580 7856 3985 2059 4956 5991 8694
53 8128 3533 5136 336 1590 1100 2145 2578 294 1276 3443 7054 2450 3904 4799 1610 5012 5856 5238 648 7076 8734 5768 2606 3303 2743 4417 8338 5214 131 7630 2653 583 5186 5708 967 154 867 8280 7862 9108 1112 3081 737 8002 6667 8893 8011 7631 7921 1503 2956 7641
51 7539 4060 1330 350 9804 6374 9816 593 208 5693 9961 9456 9943 1541 8506 2039 9274 1218 8760 6574 741 5395 7949 710 2056 1452 2369 7018 1383 8497 716 744 2684 9641 7634 1284 3617 9048 3593 7252 7360 9221 9524 8241 6660 1634 7223 8574 2556 4097 7341
53 286 3991 5966 6970 3322 1398 3050 4636 1236 6105 2637 2908 6393 6978 1028 8477 7190 4489 8623 3058 9051 1920 109 6137 2903 3646 6846 815 5076 4051 8029 2663 6939 2592 2490 2750 1476 4234 1663 5710 6926 4336 374 7551 3614 7544 31 6988 8024 5374 4516 9838 124
51 2864 3361 3460 2604 2305 8324 7985 5999 8584 555 9585 939 9936 2027 3777 7304 3742 881 4873 8659 9833 8345 2817 3609 4335 9264 4843 5493 7210 9509 5927 3549 8161 1394 5858 725 3221 3977 3374 1277 2250 8043 486 9613 575 9463 9573 824 7270 8715 6537
53 352 9868 1746 5740 4458 2472 9612 7575 9428 5744 1300 9565 4642 9725 4545 7045 1089 1431 4544 2020 7340 3798 1962 1642 8149 2151 274 5731 1047 8401 2419 5614 5150 7479 742 2676 4198 4816 137 1586 7073 808 7052 7453 3859 6136 8658 9586 6776 8774 2968 2668 6301
52 8468 5149 6093 4318 7481 4050 931 9773 4278 7467 4950 1420 685 8469 1301 5222 5597 2943 4047 2548 7838 3795 9068 7298 8109 1052 6545 635 8764 4555 6494 2026 4357 9901 7506 2861 364 2764 293 2905 828 826 149 4061 9633 5276 4552 6094 6157 1954 9802 4915
54 6319 4057 5529 4217 9984 906 5308 4227 6731 2468 402 2334 8256 6300 5502 313 7305 5501 7771 5811 9249 3456 1490 6253 6716 1771 7893 6448 3437 2631 8960 386 4054 2181 5498 2246 3638 4879 5891 8570 3933 3750 4484 4265 3838 4366 3943 5459 205 7029 3083 3468 7805 4605
54 9243 5941 5077 1148 9128 5333 4249 2101 682 9571 2266 2322 7142 6328 4900 363 2799 6609 2062 5791 2076 1695 5162 8826 7346 9959 9344 6321 8223 6698 5924 4125 5056 756 5123 2723 4786 6219 3969 4626 5328 7657 9789 4790 5342 8554 2203 2571 4841 6881 1323 7965 3472 8753
53 5939 8177 227 191 7552 2304 2141 5181 5416 5 6710 7239 5218 5177 9675 2917 1810 6160 7812 6185 360 4374 4266 1935 331 4081 4617 522 3920 5695 1173 2110 4103 6417 6900 5923 4285 1438 9373 7182 8888 9348 7734 9667 6717 9099 396 3522 5845 1928 5930 2587 7820
56 4236 8125 417 6928 5751 6973 2186 3845 1283 8257 679 9892 1411 8441 5301 9442 9260 168 7243 6318 6590 5106 3834 5847 9501 1553 2617 2237 3389 6786 4033 1537 7813 3728 8138 5602 4854 5165 707 4308 5753 5922 9536 7799 1997 3848 2104 8343 1958 9041 677 4561 2371 4345 2296 3116
51 8568 7448 2557 3987 5128 8613 1220 6348 6816 9665 8454 209 9393 3887 110 7409 3986 84 6849 3635 5024 4919 922 2800 6873 1894 9668 9197 1272 5187 4059 9262 3329 9518 6020 9105 5321 1200 8430 8344 9657 2392 6 9878 1474 3289 1105 7764 4897 6038 7718
49 3775 5324 8400 4957 2767 8193 738 2439 93 6994 1707 3037 5168 4370 2457 9056 8318 9502 3314 9655 924 8814 178 4551 234 6282 5648 7676 325 1265 7632 9783 46 1984 4528 8354 4849 7665 5140 1005 1108 5359 8846 6041 4380 3840 1327 4963 2528
54 7216 1040 1670 9685 8733 7867 2535 304 6262 1055 4795 7441 8478 5302 5969 1310 8150 5055 3608 4443 1172 228 9370 4749 2534 5230 7238 2300 9119 5037 904 6724 7848 8259 8997 6035 7821 6514 7198 9245 1953 7139 3426 754 3459 2505 3779 1486 3664 7123 4923 9296 3188 2894
51 6683 1712 7979 1860 2940 6936 3150 2343 309 7865 9803 8897 5396 4205 902 9436 1039 1011 9529 7753 1988 4212 4092 8666 2984 1856 1664 9616 2979 8975 3043 2975 1903 1823 8098 8612 6297 8181 5004 9744 5025 8456 1878 3111 3938 7386 5734 7938 8539 9015 8096
51 1062 1556 7638 4006 8083 6790 1448 220 5125 4734 5739 2477 1555 5407 1423 6069 5412 8931 4835 5974 6187 918 3446 9060 3896 1496 2708 5239 8319 2113 8107 4719 5778 8705 4491 4220 8806 1617 506 1031 1633 197 9277 2248 8100 6798 7729 6435 2215 6179 6627
51 9957 687 5914 2042 9806 2353 3266 8992 5368 6643 3170 4589 2175 4446 6472 9420 8224 9593 4565 2495 2877 3543 4583 8915 3441 713 8732 3409 9683 8847 1973 2029 6505 8800 4668 2605 9114 3561 3469 6911 37 4450 3239 6013 2501 6068 287 6524 5021 2267 6088
51 698 328 4803 1614 1080 7625 7485 4887 6566 4621 5875 2541 8793 2001 3784 6847 2055 5413 3431 4344 7404 1796 909 4160 4199 5202 8926 8373 7803 7733 4321 842 4742 2259 2192 6803 6118 5544 3689 8427 8647 2383 7647 5261 9904 1550 8187 7841 1738 1773 5644
51 6062 4122 6475 7744 4715 7367 6995 4567 7327 7944 3858 9986 8517 3500 3648 1082 5366 7473 3506 1395 8145 239 9043 9217 5800 4148 4676 5531 3013 5252 4162 7635 5977 7083 4513 2688 8059 6047 366 8531 2529 1311 7523 8515 8803 587 5667 8290 6269 8819 7775
48 1893 3937 9787 3914 4480 3 6313 7723 9147 971 8646 7392 8687 5235 7784 833 3286 3020 3124 5080 6176 7919 7557 7353 3293 3162 5636 1970 7366 329 6122 9574 3725 9305 5589 8088 1374 9034 8306 7463 2779 5593 9765 9767 5257 8216 6647 3504
51 7984 4751 1037 9039 3524 9033 5713 7259 2295 5683 250 9648 177 7202 5976 6412 1688 3825 2643 7990 8661 3695 1483 9008 6228 95 3250 9077 5001 3884 3408 6792 2473 5139 562 5414 7034 9479 7465 607 88 9253 8736 2054 6311 5780 9869 7004 6969 277 5674
44 726 7251 6003 2963 3811 2815 5251 6580 8957 2918 6309 4452 3185 8723 4638 4857 9110 2052 3705 7233 2447 3193 9405 1741 1246 9473 3916 1334 1528 7266 9206 1501 8451 9198 7714 8747 3930 7617 1288 5844 7424 6142 3555 2103
45 9166 4481 2858 1499 7579 5680 1264 6766 7842 173 3830 8076 1725 6523 734 8652 4533 2397 3121 2465 7150 5265 8761 6466 1781 241 370 772 342 28 9541 8676 1455 9623 6209 6769 9865 1626 9148 2848 3958 950 2530 511 8909
49 4390 1113 7929 6234 6445 357 3283 7286 1093 2782 3619 1932 6218 2937 9339 6037 1683 7727 8505 3454 4825 1144 7549 1145 3889 8780 4839 6384 335 5154 1338 6736 9005 6043 797 6477 8326 2612 1479 1378 7616 621 5650 5926 3467 5489 4791 7854 6625
47 5756 6992 2512 8049 9967 4655 1042 4323 4356 4083 4588 9885 2083 7614 3362 3603 6183 9116 1650 5600 6026 4633 5730 9387 6009 4118 9174 2625 508 9807 864 5421 201 6834 3223 6903 5785 8188 4039 4593 2214 6506 4197 4674 3633 7315 9204
44 2332 5564 1983 4195 2555 7667 4309 3001 5303 2687 7317 2961 6584 4527 4204 3925 5329 7370 3241 4601 3317 1968 3175 4493 7181 8171 7961 2997 1940 6468 9298 7113 8521 5085 6659 3219 9582 3717 3328 2915 3202 7608 6055 5486
46 3128 7922 5310 9150 5448 6481 5525 343 1804 4487 8235 9425 8486 2722 1872 2725 3670 7973 3944 2845 2185 6350 3814 6850 6649 5385 9017 8419 6682 5929 3497 2159 1107 7501 7897 7342 2398 1947 8559 3311 9927 4257 3218 7474 4339 8932
50 3833 9470 5537 2769 8540 6237 4629 6794 6779 5138 3587 4385 2601 9870 3388 7743 5035 9281 7466 1557 7824 223 2818 6941 5006 4072 9483 4750 3895 299 762 1213 3394 7547 433 7274 8342 1232 8716 1857 9881 5702 8247 9710 6028 4890 1697 7399 8631 6835
48 9460 49 8118 1745 4910 1123 6520 784 2429 3997 4273 6274 926 3158 5277 257 3280 1564 4869 6456 3435 4132 5848 3028 7586 9507 2697 3109 6476 7832 4826 9644 1065 1987 4772 4810 2374 10 2376 640 9713 1509 7089 6821 1313 6390 4111 1185
45 4754 5069 7335 7084 2930 3757 7488 2840 8111 6369 6212 2470 1609 8123 5142 4062 9970 4657 1880 7846 2463 7612 1963 2077 8688 183 4106 303 1941 8856 7874 3843 4445 6158 3861 752 1538 2618 8637 4291 9774 6883 1211 3059 4625
41 9913 3679 2350 8063 2147 62 8176 2950 2728 8389 3715 4396 472 9921 6287 3502 3941 1358 6226 8242 7737 5081 6050 7040 2941 1087 6285 5979 6243 4859 5558 1869 2638 6408 77 4698 2400 8402 518 6656 2155
45 188 8566 3950 3295 8751 2746 393 4672 9619 5570 1219 5508 1419 521 5480 3134 394 858 8020 2342 6147 9430 802 2695 8773 4738 1720 705 2639 348 1273 2277 9333 1646 7461 2285 1685 2422 2510 3207 3979 6404 7322 9607 2661
32 6461 7421 1862 961 1421 9515 3380 5478 6395 5163 5176 7038 8499 5350 9908 6674 6085 9158 1091 2010 3552 1224 307 9337 279 4928 2733 5607 9313 2377 5836 2623
37 4994 144 4034 421 8697 2166 5522 132 5296 6562 2179 4432 9771 6820 7811 8446 8963 6375 9624 8023 6120 4441 5288 2361 5143 6370 7892 7977 9291 4905 1279 8487 7371 9968 8768 9995 496
36 8227 4099 4824 1776 6421 4730 720 5343 4201 9412 2808 133 3065 2546 8355 5758 3605 2753 5541 8758 4085 646 3550 9230 3736 5264 7594 5381 4979 4705 9576 5725 321 2814 4965 1397
36 8492 1036 2396 6351 6718 4718 5224 2346 530 4247 1317 5068 4497 7387 6829 3477 5567 7881 6759 5630 3999 6165 7311 1687 6355 7857 8818 7868 1815 3014 6397 2031 2781 265 3531 7649
16 7439 4870 4400 6283 9980 1506 5709 5571 4459 7810 8484 7843 7903 1653 3071 5065
38 3324 5109 2752 3671 3703 4307 6817 927 4521 5293 9500 1168 8562 4612 6780 2724 2671 3672 1511 7081 8425 9156 3761 5745 7250 9603 5341 9924 859 2718 8987 8953 467 9971 4540 3829 8816 9346
35 5377 7707 9751 9115 1923 489 8727 8873 5223 8154 9289 4055 1104 6033 7423 2720 832 5947 2929 4787 6528 8692 6923 757 6679 3995 7228 7644 8845 9398 5915 2386 5007 7886 7527
28 7219 1835 627 3536 8766 261 5700 2654 8602 8808 4028 3011 3010 7114 1461 2015 1858 1789 5692 9266 2272 9429 1757 3787 4563 8163 5473 3375
17 5127 5534 82 6504 7957 2270 8367 6775 4853 6555 6984 1234 5656 8357 9449 1099 4747
21 3044 9966 9627 5945 7931 8588 4460 3892 3407 2577 7712 7953 3824 905 976 4159 6401 7293 3200 9768 2217
23 2012 5483 8053 5082 3851 899 5323 7768 1012 9554 2707 6344 878 3194 3893 7493 2256 14 5040 7217 7389 7471 6164
25 5112 2570 9273 7519 2049 5051 3212 2097 70 6651 5290 6386 3778 6741 4277 4373 9810 645 8837 8041 97 3087 9146 2565 711
16 1976 5668 2906 6869 3411 2199 5445 2328 44 4228 2441 1672 3872 4767 7947 6441
41 5115 4151 1267 2144 1588 2018 9223 2531 7880 5253 5369 431 3791 8943 5550 4511 3199 9902 4368 1819 9757 7700 6302 2231 8843 4070 454 7971 5663 4755 8428 2079 441 4927 6828 8516 1601 6564 3334 3048 1363
9 3659 7798 1554 952 4286 4403 4771 1990 8670
39 9933 6030 8074 6444 4739 1095 9229 4395 2435 3100 4263 6084 9889 1837 7071 4168 1163 8448 6206 5451 1451 1341 3419 4972 658 6144 3294 8951 5765 5039 5408 7121 5711 2268 8353 561 7178 977 6576
23 9408 1758 5868 7024 8309 1189 6171 2255 5661 2878 3879 2981 613 2806 3852 9239 9088 7170 7913 1274 8079 8887 6405
24 3623 5086 504 4093 4514 8649 1839 1370 2735 1228 2122 1544 7104 2114 4128 9283 7564 2485 7932 8480 6455 6723 1367 2406
34 1380 6844 2154 6470 3780 1897 5355 9842 9815 54 2116 4599 7288 32 7130 1070 9681 3599 9427 5287 1950 9528 5267 155 988 284 1328 1765 7553 2829 3957 8167 537 4131
32 1855 2236 3804 7240 4562 230 7955 7472 5509 9979 345 7509 2560 7882 1439 5174 5884 2333 9922 1748 3428 8704 3509 8474 1086 4255 399 9805 8986 6842 7533 9770
14 3455 4587 2227 3880 7325 5283 1072 5992 9972 6161 5736 9349 7568 6596
21 2633 4408 6276 995 7352 258 2852 3415 5664 838 9552 9587 536 2023 1090 2438 3309 5011 5042 7165 7460
22 8693 9549 6703 3558 8848 8627 3254 3166 1516 3797 8142 8378 5340 4763 8496 4711 7193 1362 4569 6264 9643 7887
6 1260 3733 5212 5250 4690 8395
39 4573 6322 795 2608 9485 6389 9059 2983 6630 4040 8213 7672 7043 7344 4598 533 3897 4232 2111 2327 6326 1780 490 1400 2696 3189 4968 1658 6241 3910 2177 8994 9863 3168 769 4866 6663 3006 2480
38 7177 8108 1076 2258 2489 8914 2274 2176 7415 4856 1435 636 8989 3685 8015 6836 2424 4645 7808 2307 5841 9676 5103 272 1775 4024 9259 6541 2896 7289 7154 1333 3308 3719 8092 2804 1690 4978
20 7992 4867 7538 9350 5105 8638 6097 8258 5983 751 3301 9103 6712 7051 5807 139 5141 7452 4875 9510
21 8439 768 1131 1542 3203 9990 7078 6742 9196 8129 5248 9426 247 7098 4330 1157 8071 3591 9882 7187 531
14 1985 8072 87 9270 9976 3035 6426 5378 8498 52 7292 9605 4594 7577
22 1715 1913 1895 9499 9368 3606 8832 4906 3488 3584 6406 2666 3495 7126 6565 3567 2568 4648 9496 6942 6730 1635
12 4248 2117 6593 4608 7411 1393 3653 2123 3868 7655 3570 6202
28 1795 6255 3537 5351 4745 6547 7468 4559 6188 2078 2474 2705 2859 6010 6398 4112 1918 4509 2792 8048 6645 8209 1202 897 764 6732 7063 6479
24 4933 7728 1592 2674 5748 2832 5523 5474 5904 4844 2647 5281 6612 6129 5767 6045 7507 6034 6805 2317 9879 2134 4712 2494
15 9322 1257 8082 8656 3093 8863 1843 2421 1061 3988 3652 7697 655 1791 3642
12 605 5495 7093 9985 6064 9199 8064 5339 8157 6480 3876 3082
5 2701 5190 7654 6133 5707
24 171 2280 1622 5279 4892 2092 3629 7663 557 3514 4230 6432 4522 5755 4191 5733 774 9396 7819 7145 3823 3554 9799 960
16 6657 8320 3195 9457 2788 8493 1643 9087 4120 6453 4244 507 2588 6650 3529 2791
17 1969 5912 2242 674 9848 5312 2892 6225 1329 1524 5411 8094 2220 3125 9468 8898 4789
25 7721 6299 2433 383 1602 9482 7844 5646 6851 7236 6963 9671 6894 945 1208 2089 6560 4850 2819 4237 788 8412 4635 8314 6906
26 3238 980 3683 1980 8668 5036 9793 5282 8352 1662 3888 4477 3616 1495 5989 8449 1669 1995 4042 6818 3697 2075 2456 9431 7907 2084
24 6016 8594 8375 4048 1777 8316 6015 525 6531 2763 7334 7859 3113 8587 6089 5518 9301 7074 1119 1295 2620 9873 2678 5987
22 6125 8790 2410 9491 7671 1092 822 3622 6735 3801 2032 7853 9292 222 4094 8452 6641 8359 217 4063 7049 2994
24 4053 4673 2536 6919 4483 1242 5322 1668 1861 1444 5828 1097 6878 7491 1068 2287 2945 4865 9210 520 6694 4685 8479 7134
18 5990 5580 9533 3465 9781 9931 4139 6726 9469 8757 9709 8662 7571 1355 9649 267 2157 7540
19 589 703 4454 6553 7580 7036 7199 4424 6323 1088 4310 440 4725 4211 3523 2476 1782 6865 3107
23 6379 2710 4004 9308 4941 2986 3981 895 4893 4534 3526 7204 4912 3257 1951 3661 2627 2706 8582 8105 5029 6806 5211
20 5210 8746 3821 4931 452 2651 4720 9309 3251 3063 8866 488 622 1912 8981 3274 2345 6217 5470 1298
20 2221 2622 8828 252 1132 4945 9707 6380 1927 4610 9596 3432 6058 1884 8524 8091 7017 3133 5240 9982
15 3836 5188 2853 6944 2919 9910 3392 2464 96 1848 4847 5088 5227 9255 1199
14 53 3949 9954 2061 886 4855 6540 7558 263 887 2655 3870 5269 2388
17 7952 6658 7338 22 4264 2028 5584 8787 6362 4378 7500 1584 3739 9859 2007 5033 9478
26 1612 5022 794 8322 2538 1269 8131 9839 8159 387 6486 4637 214 1887 7218 8804 3077 2180 885 4324 8922 2143 3956 8268 1235 9969
5 8853 7801 836 8683 2630
4 9061 5562 2719 5107
4 6917 1001 5204 6246
9 351 948 6366 9476 2008 8132 1315 849 3952
2 212 7559
2 5044 7936
2 2783 7688
2 202 4576
2 8805 2338
1 7899
2 1864 7272
2 5690 2288
2 9527 9932
2 4977 4331
2 7348 969
1 7260
1 9837
2 2611 5193
1 1508
1 3436
1 7756
1 8629
2 8696 3399
1 1651
1 7215
2 900 4901
1 3386
2 1637 2107
2 4184 8311
2 3634 6632
2 4539 9138
1 7021
1 75
1 8009
1 7722
2 2659 9600
1 5208
1 2367
1 7652
1 6511
1 3517
1 9914
1 2681
1 6804
1 1911
1 419
1 3748
1 9958
1 9700
1 7917
2 697 6091
1 4275
1 5823
1 4678
1 8799
1 7162
1 2149
1 3810
1 6216
1 9418
1 5666
1 85
1 4188
1 6065
1 7492
1 1921
1 3818
1 4300
1 8618
1 4916
1 5738
1 8385
1 9741
1 7502
1 1154
1 8636
1 4171
1 9212
1 582
1 6014
1 1648
1 5723
1 7417
1 5921
1 2518
1 3708
1 5517
1 6051
1 6588
1 6614
1 2980
1 7456
1 6090
1 519
1 7207
1 7234
1 9577
1 6172
1 7010
1 2507
1 7326
1 3232
1 1766
1 6491
1 6207
1 4361
1 647
1 2423
1 1445
1 5885
1 592
1 7264
0
0
0
0
0
0
0
0
0
0
0
0
0
